 3.40700E+03	 9.59928E+05	 9.04600E+05
 3.40860E+03	 9.61948E+05	 9.05440E+05
 3.41021E+03	 9.43688E+05	 9.06279E+05
 3.41182E+03	 9.37434E+05	 9.07130E+05
 3.41343E+03	 9.35378E+05	 9.07989E+05
 3.41505E+03	 9.51850E+05	 9.08857E+05
 3.41667E+03	 9.69713E+05	 9.09734E+05
 3.41830E+03	 9.79797E+05	 9.10622E+05
 3.41993E+03	 9.75377E+05	 9.11519E+05
 3.42156E+03	 9.53969E+05	 9.12427E+05
 3.42319E+03	 9.44965E+05	 9.13347E+05
 3.42483E+03	 9.60011E+05	 9.14282E+05
 3.42648E+03	 9.77877E+05	 9.15230E+05
 3.42813E+03	 9.94697E+05	 9.16196E+05
 3.42977E+03	 9.91109E+05	 9.17181E+05
 3.43143E+03	 9.86542E+05	 9.18186E+05
 3.43309E+03	 9.93196E+05	 9.19215E+05
 3.43475E+03	 1.01427E+06	 9.20270E+05
 3.43642E+03	 1.02416E+06	 9.21356E+05
 3.43808E+03	 1.02383E+06	 9.22474E+05
 3.43976E+03	 9.89753E+05	 9.23630E+05
 3.44143E+03	 9.70242E+05	 9.24829E+05
 3.44311E+03	 9.57784E+05	 9.26075E+05
 3.44480E+03	 9.40981E+05	 9.27375E+05
 3.44648E+03	 9.36924E+05	 9.28732E+05
 3.44818E+03	 9.37001E+05	 9.30152E+05
 3.44987E+03	 9.67840E+05	 9.31644E+05
 3.45157E+03	 9.89894E+05	 9.33207E+05
 3.45327E+03	 9.76882E+05	 9.34851E+05
 3.45498E+03	 9.74205E+05	 9.36581E+05
 3.45669E+03	 9.81417E+05	 9.38403E+05
 3.45840E+03	 9.83844E+05	 9.40321E+05
 3.46012E+03	 9.81191E+05	 9.42345E+05
 3.46184E+03	 9.98692E+05	 9.44477E+05
 3.46356E+03	 9.94464E+05	 9.46727E+05
 3.46529E+03	 1.00296E+06	 9.49102E+05
 3.46702E+03	 9.81980E+05	 9.51607E+05
 3.46876E+03	 9.48800E+05	 9.54249E+05
 3.47050E+03	 9.30606E+05	 9.57038E+05
 3.47224E+03	 9.16526E+05	 9.59980E+05
 3.47399E+03	 9.23041E+05	 9.63082E+05
 3.47574E+03	 9.27002E+05	 9.66349E+05
 3.47749E+03	 9.38901E+05	 9.69792E+05
 3.47925E+03	 9.42514E+05	 9.73413E+05
 3.48101E+03	 9.54698E+05	 9.77221E+05
 3.48277E+03	 9.49084E+05	 9.81219E+05
 3.48454E+03	 9.60074E+05	 9.85416E+05
 3.48631E+03	 9.32266E+05	 9.89815E+05
 3.48809E+03	 9.19738E+05	 9.94419E+05
 3.48987E+03	 9.27390E+05	 9.99238E+05
 3.49165E+03	 9.46444E+05	 1.00427E+06
 3.49344E+03	 9.83796E+05	 1.00953E+06
 3.49523E+03	 1.00296E+06	 1.01501E+06
 3.49703E+03	 9.96774E+05	 1.02071E+06
 3.49883E+03	 1.00064E+06	 1.02665E+06
 3.50063E+03	 9.78979E+05	 1.03282E+06
 3.50243E+03	 9.60472E+05	 1.03922E+06
 3.50424E+03	 9.75662E+05	 1.04587E+06
 3.50605E+03	 9.68850E+05	 1.05275E+06
 3.50787E+03	 9.69864E+05	 1.05987E+06
 3.50969E+03	 9.72141E+05	 1.06724E+06
 3.51151E+03	 9.44416E+05	 1.07485E+06
 3.51334E+03	 9.47213E+05	 1.08270E+06
 3.51517E+03	 9.62410E+05	 1.09079E+06
 3.51701E+03	 1.01071E+06	 1.09912E+06
 3.51885E+03	 1.04242E+06	 1.10768E+06
 3.52069E+03	 1.04781E+06	 1.11648E+06
 3.52253E+03	 1.04306E+06	 1.12551E+06
 3.52438E+03	 1.04588E+06	 1.13476E+06
 3.52624E+03	 1.06109E+06	 1.14423E+06
 3.52809E+03	 1.07590E+06	 1.15391E+06
 3.52995E+03	 1.07443E+06	 1.16380E+06
 3.53182E+03	 1.05629E+06	 1.17390E+06
 3.53369E+03	 1.06072E+06	 1.18419E+06
 3.53556E+03	 1.08504E+06	 1.19466E+06
 3.53743E+03	 1.15400E+06	 1.20532E+06
 3.53931E+03	 1.17384E+06	 1.21614E+06
 3.54120E+03	 1.19105E+06	 1.22713E+06
 3.54308E+03	 1.19837E+06	 1.23826E+06
 3.54497E+03	 1.21532E+06	 1.24954E+06
 3.54687E+03	 1.22760E+06	 1.26094E+06
 3.54876E+03	 1.24066E+06	 1.27246E+06
 3.55067E+03	 1.24581E+06	 1.28409E+06
 3.55257E+03	 1.23826E+06	 1.29582E+06
 3.55448E+03	 1.22873E+06	 1.30763E+06
 3.55639E+03	 1.24058E+06	 1.31952E+06
 3.55831E+03	 1.29201E+06	 1.33146E+06
 3.56023E+03	 1.33528E+06	 1.34346E+06
 3.56215E+03	 1.34690E+06	 1.35548E+06
 3.56408E+03	 1.36699E+06	 1.36753E+06
 3.56601E+03	 1.35748E+06	 1.37959E+06
 3.56794E+03	 1.36180E+06	 1.39164E+06
 3.56988E+03	 1.40427E+06	 1.40367E+06
 3.57182E+03	 1.43965E+06	 1.41566E+06
 3.57377E+03	 1.47910E+06	 1.42761E+06
 3.57571E+03	 1.50879E+06	 1.43949E+06
 3.57767E+03	 1.55231E+06	 1.45130E+06
 3.57962E+03	 1.60773E+06	 1.46302E+06
 3.58158E+03	 1.64302E+06	 1.47464E+06
 3.58355E+03	 1.66344E+06	 1.48614E+06
 3.58552E+03	 1.68285E+06	 1.49751E+06
 3.58749E+03	 1.71380E+06	 1.50875E+06
 3.58946E+03	 1.72053E+06	 1.51984E+06
 3.59144E+03	 1.71783E+06	 1.53078E+06
 3.59342E+03	 1.67633E+06	 1.54155E+06
 3.59541E+03	 1.69794E+06	 1.55215E+06
 3.59740E+03	 1.75058E+06	 1.56258E+06
 3.59939E+03	 1.81506E+06	 1.57283E+06
 3.60139E+03	 1.89108E+06	 1.58289E+06
 3.60339E+03	 1.93572E+06	 1.59277E+06
 3.60539E+03	 1.99934E+06	 1.60246E+06
 3.60740E+03	 2.07052E+06	 1.61195E+06
 3.60941E+03	 2.16608E+06	 1.62125E+06
 3.61143E+03	 2.24892E+06	 1.63035E+06
 3.61345E+03	 2.30626E+06	 1.63926E+06
 3.61547E+03	 2.28690E+06	 1.64798E+06
 3.61750E+03	 2.25642E+06	 1.65650E+06
 3.61953E+03	 2.26171E+06	 1.66483E+06
 3.62156E+03	 2.24006E+06	 1.67296E+06
 3.62360E+03	 2.18517E+06	 1.68091E+06
 3.62564E+03	 2.34285E+06	 1.68867E+06
 3.62768E+03	 2.45098E+06	 1.69625E+06
 3.62973E+03	 2.54850E+06	 1.70365E+06
 3.63178E+03	 2.57462E+06	 1.71087E+06
 3.63384E+03	 2.56754E+06	 1.71792E+06
 3.63590E+03	 2.57757E+06	 1.72480E+06
 3.63796E+03	 2.65468E+06	 1.73152E+06
 3.64003E+03	 2.79153E+06	 1.73807E+06
 3.64210E+03	 2.89938E+06	 1.74447E+06
 3.64417E+03	 3.03402E+06	 1.75073E+06
 3.64625E+03	 3.17072E+06	 1.75683E+06
 3.64833E+03	 3.29645E+06	 1.76281E+06
 3.65042E+03	 3.39390E+06	 1.76864E+06
 3.65251E+03	 3.46840E+06	 1.77435E+06
 3.65460E+03	 3.66282E+06	 1.77994E+06
 3.65670E+03	 3.72319E+06	 1.78542E+06
 3.65880E+03	 3.81533E+06	 1.79078E+06
 3.66090E+03	 3.87220E+06	 1.79605E+06
 3.66301E+03	 3.90185E+06	 1.80121E+06
 3.66512E+03	 3.91813E+06	 1.80629E+06
 3.66723E+03	 3.98580E+06	 1.81129E+06
 3.66935E+03	 4.02894E+06	 1.81620E+06
 3.67147E+03	 4.06811E+06	 1.82106E+06
 3.67360E+03	 4.06092E+06	 1.82584E+06
 3.67573E+03	 4.10719E+06	 1.83057E+06
 3.67786E+03	 4.02886E+06	 1.83526E+06
 3.68000E+03	 4.05624E+06	 1.83990E+06
 3.68214E+03	 4.01062E+06	 1.84451E+06
 3.68428E+03	 3.94489E+06	 1.84909E+06
 3.68643E+03	 3.85156E+06	 1.85365E+06
 3.68858E+03	 3.73371E+06	 1.85820E+06
 3.69074E+03	 3.57649E+06	 1.86274E+06
 3.69290E+03	 3.46202E+06	 1.86728E+06
 3.69506E+03	 3.36264E+06	 1.87183E+06
 3.69723E+03	 3.25743E+06	 1.87640E+06
 3.69940E+03	 3.12404E+06	 1.88099E+06
 3.70157E+03	 2.98310E+06	 1.88561E+06
 3.70375E+03	 2.85140E+06	 1.89027E+06
 3.70593E+03	 2.71341E+06	 1.89497E+06
 3.70811E+03	 2.58530E+06	 1.89973E+06
 3.71030E+03	 2.46555E+06	 1.90454E+06
 3.71250E+03	 2.37148E+06	 1.90943E+06
 3.71469E+03	 2.32257E+06	 1.91438E+06
 3.71689E+03	 2.25462E+06	 1.91942E+06
 3.71909E+03	 2.17604E+06	 1.92455E+06
 3.72130E+03	 2.10272E+06	 1.92977E+06
 3.72351E+03	 2.03108E+06	 1.93509E+06
 3.72573E+03	 1.98136E+06	 1.94053E+06
 3.72794E+03	 1.96163E+06	 1.94608E+06
 3.73017E+03	 1.91709E+06	 1.95175E+06
 3.73239E+03	 1.93970E+06	 1.95756E+06
 3.73462E+03	 1.91244E+06	 1.96350E+06
 3.73685E+03	 1.84575E+06	 1.96958E+06
 3.73909E+03	 1.84166E+06	 1.97582E+06
 3.74133E+03	 1.84859E+06	 1.98221E+06
 3.74357E+03	 1.91341E+06	 1.98876E+06
 3.74582E+03	 1.93830E+06	 1.99548E+06
 3.74807E+03	 1.94499E+06	 2.00237E+06
 3.75032E+03	 1.94247E+06	 2.00942E+06
 3.75258E+03	 1.91837E+06	 2.01666E+06
 3.75485E+03	 1.96484E+06	 2.02406E+06
 3.75711E+03	 2.04134E+06	 2.03165E+06
 3.75938E+03	 2.06019E+06	 2.03941E+06
 3.76165E+03	 2.01902E+06	 2.04735E+06
 3.76393E+03	 1.91815E+06	 2.05548E+06
 3.76621E+03	 1.90731E+06	 2.06378E+06
 3.76850E+03	 1.93394E+06	 2.07226E+06
 3.77078E+03	 1.96002E+06	 2.08092E+06
 3.77307E+03	 1.93943E+06	 2.08976E+06
 3.77537E+03	 1.89777E+06	 2.09877E+06
 3.77767E+03	 1.88030E+06	 2.10796E+06
 3.77997E+03	 1.84191E+06	 2.11730E+06
 3.78228E+03	 1.94961E+06	 2.12680E+06
 3.78459E+03	 1.98846E+06	 2.13646E+06
 3.78690E+03	 1.99063E+06	 2.14625E+06
 3.78922E+03	 2.02564E+06	 2.15617E+06
 3.79154E+03	 2.08719E+06	 2.16621E+06
 3.79386E+03	 2.15895E+06	 2.17635E+06
 3.79619E+03	 2.19832E+06	 2.18658E+06
 3.79853E+03	 2.21095E+06	 2.19690E+06
 3.80086E+03	 2.19034E+06	 2.20728E+06
 3.80320E+03	 2.25006E+06	 2.21771E+06
 3.80554E+03	 2.29878E+06	 2.22819E+06
 3.80789E+03	 2.28368E+06	 2.23868E+06
 3.81024E+03	 2.35420E+06	 2.24919E+06
 3.81259E+03	 2.36879E+06	 2.25970E+06
 3.81495E+03	 2.37467E+06	 2.27020E+06
 3.81731E+03	 2.42451E+06	 2.28066E+06
 3.81968E+03	 2.46713E+06	 2.29110E+06
 3.82205E+03	 2.48489E+06	 2.30148E+06
 3.82442E+03	 2.51219E+06	 2.31181E+06
 3.82680E+03	 2.56074E+06	 2.32207E+06
 3.82918E+03	 2.65092E+06	 2.33225E+06
 3.83156E+03	 2.71573E+06	 2.34235E+06
 3.83395E+03	 2.75967E+06	 2.35236E+06
 3.83634E+03	 2.82080E+06	 2.36228E+06
 3.83873E+03	 2.86685E+06	 2.37210E+06
 3.84113E+03	 2.87591E+06	 2.38181E+06
 3.84353E+03	 2.84404E+06	 2.39141E+06
 3.84594E+03	 2.90910E+06	 2.40090E+06
 3.84835E+03	 2.97753E+06	 2.41027E+06
 3.85076E+03	 3.07344E+06	 2.41953E+06
 3.85318E+03	 3.12856E+06	 2.42867E+06
 3.85560E+03	 3.13682E+06	 2.43769E+06
 3.85802E+03	 3.18470E+06	 2.44660E+06
 3.86045E+03	 3.13537E+06	 2.45539E+06
 3.86288E+03	 3.14385E+06	 2.46406E+06
 3.86532E+03	 3.19032E+06	 2.47262E+06
 3.86776E+03	 3.24061E+06	 2.48106E+06
 3.87020E+03	 3.34587E+06	 2.48939E+06
 3.87265E+03	 3.46697E+06	 2.49762E+06
 3.87510E+03	 3.56252E+06	 2.50574E+06
 3.87755E+03	 3.64665E+06	 2.51376E+06
 3.88001E+03	 3.68355E+06	 2.52168E+06
 3.88247E+03	 3.69542E+06	 2.52950E+06
 3.88493E+03	 3.70980E+06	 2.53724E+06
 3.88740E+03	 3.80869E+06	 2.54489E+06
 3.88987E+03	 3.92977E+06	 2.55247E+06
 3.89235E+03	 4.03934E+06	 2.55996E+06
 3.89483E+03	 4.22993E+06	 2.56740E+06
 3.89731E+03	 4.35952E+06	 2.57476E+06
 3.89980E+03	 4.48732E+06	 2.58207E+06
 3.90229E+03	 4.60901E+06	 2.58933E+06
 3.90478E+03	 4.83475E+06	 2.59655E+06
 3.90728E+03	 5.09388E+06	 2.60373E+06
 3.90978E+03	 5.27542E+06	 2.61088E+06
 3.91229E+03	 5.47151E+06	 2.61800E+06
 3.91480E+03	 5.64359E+06	 2.62511E+06
 3.91731E+03	 5.88936E+06	 2.63221E+06
 3.91983E+03	 6.02467E+06	 2.63930E+06
 3.92235E+03	 6.11236E+06	 2.64640E+06
 3.92487E+03	 6.12772E+06	 2.65352E+06
 3.92740E+03	 6.10204E+06	 2.66065E+06
 3.92993E+03	 6.09317E+06	 2.66782E+06
 3.93246E+03	 6.12513E+06	 2.67502E+06
 3.93500E+03	 6.12854E+06	 2.68226E+06
 3.93754E+03	 6.12036E+06	 2.68956E+06
 3.94009E+03	 5.99811E+06	 2.69691E+06
 3.94264E+03	 5.86420E+06	 2.70434E+06
 3.94519E+03	 5.71586E+06	 2.71183E+06
 3.94775E+03	 5.50637E+06	 2.71942E+06
 3.95031E+03	 5.25805E+06	 2.72709E+06
 3.95287E+03	 5.02148E+06	 2.73487E+06
 3.95544E+03	 4.79446E+06	 2.74275E+06
 3.95801E+03	 4.54191E+06	 2.75075E+06
 3.96059E+03	 4.27599E+06	 2.75886E+06
 3.96316E+03	 4.03427E+06	 2.76712E+06
 3.96575E+03	 3.89831E+06	 2.77550E+06
 3.96833E+03	 3.67359E+06	 2.78404E+06
 3.97092E+03	 3.51763E+06	 2.79272E+06
 3.97352E+03	 3.41189E+06	 2.80157E+06
 3.97611E+03	 3.27829E+06	 2.81058E+06
 3.97872E+03	 3.15029E+06	 2.81977E+06
 3.98132E+03	 3.13778E+06	 2.82913E+06
 3.98393E+03	 3.09929E+06	 2.83868E+06
 3.98654E+03	 3.08308E+06	 2.84843E+06
 3.98916E+03	 2.99746E+06	 2.85837E+06
 3.99178E+03	 2.90992E+06	 2.86851E+06
 3.99440E+03	 2.86804E+06	 2.87886E+06
 3.99702E+03	 2.81117E+06	 2.88942E+06
 3.99966E+03	 2.81791E+06	 2.90020E+06
 4.00229E+03	 2.81576E+06	 2.91119E+06
 4.00493E+03	 2.82998E+06	 2.92241E+06
 4.00757E+03	 2.83303E+06	 2.93385E+06
 4.01021E+03	 2.87776E+06	 2.94553E+06
 4.01286E+03	 2.88594E+06	 2.95743E+06
 4.01552E+03	 2.94299E+06	 2.96956E+06
 4.01817E+03	 2.90078E+06	 2.98192E+06
 4.02083E+03	 2.88153E+06	 2.99451E+06
 4.02349E+03	 2.88832E+06	 3.00733E+06
 4.02616E+03	 2.87088E+06	 3.02038E+06
 4.02883E+03	 2.86029E+06	 3.03365E+06
 4.03151E+03	 2.90359E+06	 3.04714E+06
 4.03419E+03	 2.95797E+06	 3.06085E+06
 4.03687E+03	 2.94857E+06	 3.07477E+06
 4.03955E+03	 2.94317E+06	 3.08889E+06
 4.04224E+03	 2.96097E+06	 3.10320E+06
 4.04494E+03	 3.00111E+06	 3.11771E+06
 4.04763E+03	 3.06235E+06	 3.13240E+06
 4.05033E+03	 3.08054E+06	 3.14725E+06
 4.05304E+03	 3.06550E+06	 3.16226E+06
 4.05574E+03	 2.99005E+06	 3.17742E+06
 4.05846E+03	 2.95159E+06	 3.19271E+06
 4.06117E+03	 2.94767E+06	 3.20812E+06
 4.06389E+03	 2.99971E+06	 3.22364E+06
 4.06661E+03	 3.03552E+06	 3.23924E+06
 4.06934E+03	 3.09589E+06	 3.25492E+06
 4.07207E+03	 3.24596E+06	 3.27065E+06
 4.07480E+03	 3.31313E+06	 3.28641E+06
 4.07754E+03	 3.25362E+06	 3.30218E+06
 4.08028E+03	 3.20638E+06	 3.31794E+06
 4.08302E+03	 3.27941E+06	 3.33367E+06
 4.08577E+03	 3.39347E+06	 3.34935E+06
 4.08853E+03	 3.45318E+06	 3.36495E+06
 4.09128E+03	 3.52534E+06	 3.38045E+06
 4.09404E+03	 3.53174E+06	 3.39582E+06
 4.09680E+03	 3.52967E+06	 3.41106E+06
 4.09957E+03	 3.52025E+06	 3.42613E+06
 4.10234E+03	 3.50799E+06	 3.44102E+06
 4.10511E+03	 3.55421E+06	 3.45570E+06
 4.10789E+03	 3.53544E+06	 3.47016E+06
 4.11067E+03	 3.52370E+06	 3.48437E+06
 4.11346E+03	 3.59395E+06	 3.49832E+06
 4.11625E+03	 3.60480E+06	 3.51198E+06
 4.11904E+03	 3.64181E+06	 3.52534E+06
 4.12184E+03	 3.69249E+06	 3.53838E+06
 4.12464E+03	 3.77846E+06	 3.55108E+06
 4.12744E+03	 3.82673E+06	 3.56342E+06
 4.13025E+03	 3.91836E+06	 3.57539E+06
 4.13306E+03	 3.97620E+06	 3.58696E+06
 4.13587E+03	 4.00675E+06	 3.59813E+06
 4.13869E+03	 3.98395E+06	 3.60889E+06
 4.14151E+03	 4.01990E+06	 3.61922E+06
 4.14434E+03	 4.00940E+06	 3.62912E+06
 4.14717E+03	 4.05251E+06	 3.63858E+06
 4.15000E+03	 4.07239E+06	 3.64760E+06
 4.15284E+03	 3.98707E+06	 3.65618E+06
 4.15568E+03	 3.98823E+06	 3.66431E+06
 4.15852E+03	 3.95953E+06	 3.67201E+06
 4.16137E+03	 3.91210E+06	 3.67926E+06
 4.16422E+03	 3.93912E+06	 3.68609E+06
 4.16708E+03	 3.89788E+06	 3.69250E+06
 4.16993E+03	 3.88714E+06	 3.69849E+06
 4.17280E+03	 3.92693E+06	 3.70407E+06
 4.17566E+03	 3.94182E+06	 3.70926E+06
 4.17853E+03	 3.87859E+06	 3.71406E+06
 4.18141E+03	 3.88447E+06	 3.71848E+06
 4.18428E+03	 3.93512E+06	 3.72254E+06
 4.18716E+03	 3.91987E+06	 3.72626E+06
 4.19005E+03	 3.92535E+06	 3.72964E+06
 4.19294E+03	 3.87475E+06	 3.73269E+06
 4.19583E+03	 3.82106E+06	 3.73545E+06
 4.19872E+03	 3.80478E+06	 3.73792E+06
 4.20162E+03	 3.68605E+06	 3.74012E+06
 4.20453E+03	 3.60975E+06	 3.74206E+06
 4.20743E+03	 3.55609E+06	 3.74377E+06
 4.21034E+03	 3.40116E+06	 3.74526E+06
 4.21326E+03	 3.47191E+06	 3.74654E+06
 4.21618E+03	 3.44613E+06	 3.74763E+06
 4.21910E+03	 3.49265E+06	 3.74853E+06
 4.22202E+03	 3.50651E+06	 3.74926E+06
 4.22495E+03	 3.51050E+06	 3.74982E+06
 4.22788E+03	 3.55824E+06	 3.75021E+06
 4.23082E+03	 3.61713E+06	 3.75044E+06
 4.23376E+03	 3.70222E+06	 3.75052E+06
 4.23670E+03	 3.80814E+06	 3.75044E+06
 4.23965E+03	 3.87808E+06	 3.75020E+06
 4.24260E+03	 3.95195E+06	 3.74981E+06
 4.24555E+03	 3.94411E+06	 3.74926E+06
 4.24851E+03	 3.86553E+06	 3.74856E+06
 4.25147E+03	 3.79156E+06	 3.74772E+06
 4.25444E+03	 3.81679E+06	 3.74673E+06
 4.25741E+03	 3.86076E+06	 3.74559E+06
 4.26038E+03	 3.88281E+06	 3.74432E+06
 4.26336E+03	 3.93396E+06	 3.74292E+06
 4.26634E+03	 3.96496E+06	 3.74140E+06
 4.26932E+03	 3.93014E+06	 3.73974E+06
 4.27231E+03	 3.84967E+06	 3.73798E+06
 4.27530E+03	 3.80651E+06	 3.73610E+06
 4.27830E+03	 3.77111E+06	 3.73413E+06
 4.28130E+03	 3.70764E+06	 3.73207E+06
 4.28430E+03	 3.64660E+06	 3.72992E+06
 4.28730E+03	 3.64888E+06	 3.72770E+06
 4.29031E+03	 3.76820E+06	 3.72540E+06
 4.29333E+03	 3.85441E+06	 3.72305E+06
 4.29634E+03	 3.85988E+06	 3.72064E+06
 4.29937E+03	 3.82853E+06	 3.71819E+06
 4.30239E+03	 3.83062E+06	 3.71569E+06
 4.30542E+03	 3.78262E+06	 3.71316E+06
 4.30845E+03	 3.67868E+06	 3.71061E+06
 4.31149E+03	 3.64098E+06	 3.70805E+06
 4.31453E+03	 3.64124E+06	 3.70547E+06
 4.31757E+03	 3.66666E+06	 3.70290E+06
 4.32062E+03	 3.65674E+06	 3.70034E+06
 4.32366E+03	 3.66658E+06	 3.69779E+06
 4.32672E+03	 3.61301E+06	 3.69526E+06
 4.32978E+03	 3.59936E+06	 3.69276E+06
 4.33284E+03	 3.58158E+06	 3.69029E+06
 4.33590E+03	 3.56576E+06	 3.68786E+06
 4.33897E+03	 3.55197E+06	 3.68547E+06
 4.34204E+03	 3.53750E+06	 3.68312E+06
 4.34512E+03	 3.53950E+06	 3.68081E+06
 4.34820E+03	 3.62775E+06	 3.67855E+06
 4.35128E+03	 3.68155E+06	 3.67634E+06
 4.35437E+03	 3.64929E+06	 3.67417E+06
 4.35746E+03	 3.68261E+06	 3.67204E+06
 4.36056E+03	 3.67370E+06	 3.66995E+06
 4.36365E+03	 3.64760E+06	 3.66790E+06
 4.36676E+03	 3.64040E+06	 3.66589E+06
 4.36986E+03	 3.68688E+06	 3.66392E+06
 4.37297E+03	 3.68773E+06	 3.66198E+06
 4.37608E+03	 3.68056E+06	 3.66007E+06
 4.37920E+03	 3.71381E+06	 3.65819E+06
 4.38232E+03	 3.69492E+06	 3.65633E+06
 4.38544E+03	 3.73510E+06	 3.65450E+06
 4.38857E+03	 3.74098E+06	 3.65269E+06
 4.39170E+03	 3.71164E+06	 3.65090E+06
 4.39484E+03	 3.67721E+06	 3.64912E+06
 4.39798E+03	 3.65760E+06	 3.64735E+06
 4.40112E+03	 3.68703E+06	 3.64560E+06
 4.40427E+03	 3.69898E+06	 3.64386E+06
 4.40741E+03	 3.73032E+06	 3.64213E+06
 4.41057E+03	 3.76221E+06	 3.64040E+06
 4.41372E+03	 3.72915E+06	 3.63868E+06
 4.41689E+03	 3.70466E+06	 3.63696E+06
 4.42005E+03	 3.67540E+06	 3.63524E+06
 4.42322E+03	 3.62774E+06	 3.63353E+06
 4.42639E+03	 3.61110E+06	 3.63181E+06
 4.42957E+03	 3.60388E+06	 3.63010E+06
 4.43275E+03	 3.56437E+06	 3.62838E+06
 4.43593E+03	 3.58520E+06	 3.62666E+06
 4.43911E+03	 3.63478E+06	 3.62493E+06
 4.44230E+03	 3.67362E+06	 3.62319E+06
 4.44550E+03	 3.69492E+06	 3.62145E+06
 4.44870E+03	 3.65570E+06	 3.61969E+06
 4.45190E+03	 3.63444E+06	 3.61791E+06
 4.45510E+03	 3.62799E+06	 3.61611E+06
 4.45831E+03	 3.61415E+06	 3.61429E+06
 4.46152E+03	 3.61209E+06	 3.61245E+06
 4.46474E+03	 3.62935E+06	 3.61058E+06
 4.46796E+03	 3.61847E+06	 3.60868E+06
 4.47118E+03	 3.75833E+06	 3.60674E+06
 4.47441E+03	 3.78057E+06	 3.60477E+06
 4.47764E+03	 3.77040E+06	 3.60276E+06
 4.48088E+03	 3.74770E+06	 3.60070E+06
 4.48411E+03	 3.71941E+06	 3.59860E+06
 4.48735E+03	 3.67577E+06	 3.59645E+06
 4.49060E+03	 3.62650E+06	 3.59426E+06
 4.49385E+03	 3.61702E+06	 3.59203E+06
 4.49710E+03	 3.65265E+06	 3.58974E+06
 4.50036E+03	 3.66550E+06	 3.58742E+06
 4.50362E+03	 3.67095E+06	 3.58505E+06
 4.50688E+03	 3.62588E+06	 3.58263E+06
 4.51015E+03	 3.60334E+06	 3.58017E+06
 4.51342E+03	 3.63868E+06	 3.57767E+06
 4.51670E+03	 3.64934E+06	 3.57512E+06
 4.51997E+03	 3.63370E+06	 3.57253E+06
 4.52326E+03	 3.57834E+06	 3.56990E+06
 4.52654E+03	 3.57496E+06	 3.56723E+06
 4.52983E+03	 3.56260E+06	 3.56452E+06
 4.53312E+03	 3.59063E+06	 3.56177E+06
 4.53642E+03	 3.57569E+06	 3.55899E+06
 4.53973E+03	 3.61827E+06	 3.55616E+06
 4.54303E+03	 3.61108E+06	 3.55330E+06
 4.54634E+03	 3.55958E+06	 3.55040E+06
 4.54965E+03	 3.53227E+06	 3.54746E+06
 4.55296E+03	 3.51003E+06	 3.54449E+06
 4.55628E+03	 3.49683E+06	 3.54149E+06
 4.55961E+03	 3.47299E+06	 3.53844E+06
 4.56293E+03	 3.50961E+06	 3.53536E+06
 4.56626E+03	 3.51199E+06	 3.53224E+06
 4.56959E+03	 3.54740E+06	 3.52909E+06
 4.57293E+03	 3.56316E+06	 3.52589E+06
 4.57628E+03	 3.55952E+06	 3.52264E+06
 4.57962E+03	 3.53167E+06	 3.51936E+06
 4.58297E+03	 3.53257E+06	 3.51602E+06
 4.58632E+03	 3.53025E+06	 3.51263E+06
 4.58968E+03	 3.59611E+06	 3.50919E+06
 4.59304E+03	 3.65193E+06	 3.50570E+06
 4.59640E+03	 3.63828E+06	 3.50215E+06
 4.59977E+03	 3.63844E+06	 3.49854E+06
 4.60314E+03	 3.68769E+06	 3.49488E+06
 4.60651E+03	 3.71236E+06	 3.49115E+06
 4.60989E+03	 3.71604E+06	 3.48737E+06
 4.61327E+03	 3.67062E+06	 3.48352E+06
 4.61666E+03	 3.59304E+06	 3.47963E+06
 4.62005E+03	 3.53617E+06	 3.47568E+06
 4.62344E+03	 3.55328E+06	 3.47169E+06
 4.62684E+03	 3.52993E+06	 3.46765E+06
 4.63024E+03	 3.50093E+06	 3.46358E+06
 4.63364E+03	 3.48381E+06	 3.45947E+06
 4.63705E+03	 3.47632E+06	 3.45534E+06
 4.64046E+03	 3.46045E+06	 3.45118E+06
 4.64387E+03	 3.42570E+06	 3.44700E+06
 4.64729E+03	 3.46151E+06	 3.44280E+06
 4.65071E+03	 3.49881E+06	 3.43859E+06
 4.65414E+03	 3.51247E+06	 3.43438E+06
 4.65757E+03	 3.51121E+06	 3.43016E+06
 4.66100E+03	 3.48412E+06	 3.42594E+06
 4.66444E+03	 3.48914E+06	 3.42173E+06
 4.66788E+03	 3.47591E+06	 3.41752E+06
 4.67133E+03	 3.46559E+06	 3.41334E+06
 4.67478E+03	 3.45242E+06	 3.40917E+06
 4.67822E+03	 3.35804E+06	 3.40502E+06
 4.68168E+03	 3.32426E+06	 3.40091E+06
 4.68514E+03	 3.34480E+06	 3.39683E+06
 4.68860E+03	 3.30289E+06	 3.39279E+06
 4.69207E+03	 3.26802E+06	 3.38879E+06
 4.69554E+03	 3.22868E+06	 3.38484E+06
 4.69901E+03	 3.24539E+06	 3.38093E+06
 4.70249E+03	 3.35149E+06	 3.37708E+06
 4.70597E+03	 3.42424E+06	 3.37326E+06
 4.70946E+03	 3.39813E+06	 3.36950E+06
 4.71295E+03	 3.35345E+06	 3.36578E+06
 4.71644E+03	 3.31971E+06	 3.36211E+06
 4.71993E+03	 3.33494E+06	 3.35849E+06
 4.72343E+03	 3.33607E+06	 3.35491E+06
 4.72694E+03	 3.32144E+06	 3.35138E+06
 4.73044E+03	 3.29265E+06	 3.34788E+06
 4.73396E+03	 3.27567E+06	 3.34443E+06
 4.73747E+03	 3.30744E+06	 3.34101E+06
 4.74099E+03	 3.29039E+06	 3.33763E+06
 4.74451E+03	 3.28206E+06	 3.33427E+06
 4.74804E+03	 3.26984E+06	 3.33095E+06
 4.75157E+03	 3.30220E+06	 3.32764E+06
 4.75510E+03	 3.34283E+06	 3.32435E+06
 4.75863E+03	 3.37631E+06	 3.32107E+06
 4.76217E+03	 3.41352E+06	 3.31780E+06
 4.76572E+03	 3.38460E+06	 3.31453E+06
 4.76926E+03	 3.40668E+06	 3.31125E+06
 4.77282E+03	 3.42173E+06	 3.30797E+06
 4.77637E+03	 3.46320E+06	 3.30467E+06
 4.77993E+03	 3.51635E+06	 3.30135E+06
 4.78349E+03	 3.57355E+06	 3.29802E+06
 4.78705E+03	 3.53555E+06	 3.29465E+06
 4.79062E+03	 3.44409E+06	 3.29127E+06
 4.79420E+03	 3.45013E+06	 3.28786E+06
 4.79778E+03	 3.45978E+06	 3.28443E+06
 4.80136E+03	 3.50609E+06	 3.28098E+06
 4.80494E+03	 3.43796E+06	 3.27750E+06
 4.80853E+03	 3.40222E+06	 3.27402E+06
 4.81212E+03	 3.36682E+06	 3.27052E+06
 4.81572E+03	 3.29582E+06	 3.26701E+06
 4.81931E+03	 3.19430E+06	 3.26351E+06
 4.82292E+03	 3.15236E+06	 3.26001E+06
 4.82653E+03	 3.10601E+06	 3.25651E+06
 4.83014E+03	 3.02555E+06	 3.25303E+06
 4.83375E+03	 3.00399E+06	 3.24957E+06
 4.83737E+03	 3.04513E+06	 3.24612E+06
 4.84098E+03	 3.09269E+06	 3.24269E+06
 4.84461E+03	 3.15048E+06	 3.23927E+06
 4.84825E+03	 3.17330E+06	 3.23587E+06
 4.85187E+03	 3.22368E+06	 3.23247E+06
 4.85551E+03	 3.22874E+06	 3.22908E+06
 4.85914E+03	 3.23846E+06	 3.22569E+06
 4.86279E+03	 3.23463E+06	 3.22229E+06
 4.86644E+03	 3.24454E+06	 3.21889E+06
 4.87009E+03	 3.27015E+06	 3.21547E+06
 4.87375E+03	 3.29300E+06	 3.21204E+06
 4.87740E+03	 3.29358E+06	 3.20858E+06
 4.88107E+03	 3.27233E+06	 3.20510E+06
 4.88473E+03	 3.20050E+06	 3.20158E+06
 4.88839E+03	 3.19776E+06	 3.19804E+06
 4.89207E+03	 3.19066E+06	 3.19445E+06
 4.89575E+03	 3.25197E+06	 3.19083E+06
 4.89943E+03	 3.29105E+06	 3.18715E+06
 4.90311E+03	 3.33371E+06	 3.18343E+06
 4.90680E+03	 3.36284E+06	 3.17965E+06
 4.91049E+03	 3.36353E+06	 3.17582E+06
 4.91419E+03	 3.35194E+06	 3.17192E+06
 4.91788E+03	 3.29329E+06	 3.16797E+06
 4.92159E+03	 3.28021E+06	 3.16395E+06
 4.92529E+03	 3.23903E+06	 3.15987E+06
 4.92900E+03	 3.24602E+06	 3.15573E+06
 4.93271E+03	 3.24355E+06	 3.15153E+06
 4.93643E+03	 3.27716E+06	 3.14727E+06
 4.94015E+03	 3.27952E+06	 3.14296E+06
 4.94387E+03	 3.25014E+06	 3.13858E+06
 4.94761E+03	 3.23881E+06	 3.13416E+06
 4.95134E+03	 3.21978E+06	 3.12968E+06
 4.95507E+03	 3.17649E+06	 3.12516E+06
 4.95881E+03	 3.14917E+06	 3.12060E+06
 4.96255E+03	 3.14104E+06	 3.11599E+06
 4.96630E+03	 3.09352E+06	 3.11135E+06
 4.97005E+03	 3.05950E+06	 3.10668E+06
 4.97380E+03	 3.01271E+06	 3.10198E+06
 4.97756E+03	 2.96518E+06	 3.09726E+06
 4.98132E+03	 2.96245E+06	 3.09252E+06
 4.98509E+03	 2.96836E+06	 3.08775E+06
 4.98885E+03	 2.97390E+06	 3.08296E+06
 4.99262E+03	 2.98024E+06	 3.07815E+06
 4.99640E+03	 2.99001E+06	 3.07332E+06
 5.00018E+03	 3.03785E+06	 3.06847E+06
 5.00396E+03	 3.06775E+06	 3.06359E+06
 5.00775E+03	 3.11392E+06	 3.05868E+06
 5.01154E+03	 3.14777E+06	 3.05374E+06
 5.01533E+03	 3.14657E+06	 3.04876E+06
 5.01914E+03	 3.13236E+06	 3.04375E+06
 5.02294E+03	 3.09305E+06	 3.03870E+06
 5.02674E+03	 3.06479E+06	 3.03361E+06
 5.03055E+03	 3.05719E+06	 3.02847E+06
 5.03436E+03	 3.07074E+06	 3.02329E+06
 5.03818E+03	 3.09066E+06	 3.01806E+06
 5.04200E+03	 3.11984E+06	 3.01279E+06
 5.04582E+03	 3.14262E+06	 3.00746E+06
 5.04965E+03	 3.14346E+06	 3.00209E+06
 5.05348E+03	 3.16791E+06	 2.99666E+06
 5.05732E+03	 3.18674E+06	 2.99119E+06
 5.06116E+03	 3.16686E+06	 2.98566E+06
 5.06499E+03	 3.13903E+06	 2.98009E+06
 5.06884E+03	 3.11427E+06	 2.97448E+06
 5.07269E+03	 3.11512E+06	 2.96882E+06
 5.07655E+03	 3.10937E+06	 2.96313E+06
 5.08040E+03	 3.08571E+06	 2.95741E+06
 5.08426E+03	 3.07017E+06	 2.95166E+06
 5.08813E+03	 3.07053E+06	 2.94589E+06
 5.09199E+03	 3.03903E+06	 2.94011E+06
 5.09587E+03	 2.97499E+06	 2.93432E+06
 5.09974E+03	 2.90215E+06	 2.92854E+06
 5.10362E+03	 2.88112E+06	 2.92276E+06
 5.10751E+03	 2.80067E+06	 2.91700E+06
 5.11139E+03	 2.79938E+06	 2.91126E+06
 5.11528E+03	 2.77482E+06	 2.90555E+06
 5.11917E+03	 2.76530E+06	 2.89988E+06
 5.12307E+03	 2.75209E+06	 2.89425E+06
 5.12697E+03	 2.76921E+06	 2.88866E+06
 5.13087E+03	 2.74842E+06	 2.88311E+06
 5.13479E+03	 2.74831E+06	 2.87761E+06
 5.13870E+03	 2.81623E+06	 2.87216E+06
 5.14261E+03	 2.83412E+06	 2.86675E+06
 5.14653E+03	 2.85255E+06	 2.86139E+06
 5.15045E+03	 2.86126E+06	 2.85607E+06
 5.15438E+03	 2.85837E+06	 2.85080E+06
 5.15831E+03	 2.81136E+06	 2.84557E+06
 5.16225E+03	 2.79817E+06	 2.84038E+06
 5.16618E+03	 2.76987E+06	 2.83523E+06
 5.17014E+03	 2.77752E+06	 2.83012E+06
 5.17407E+03	 2.78047E+06	 2.82504E+06
 5.17802E+03	 2.81598E+06	 2.81999E+06
 5.18198E+03	 2.85435E+06	 2.81496E+06
 5.18593E+03	 2.86716E+06	 2.80996E+06
 5.18989E+03	 2.89285E+06	 2.80498E+06
 5.19386E+03	 2.90236E+06	 2.80001E+06
 5.19782E+03	 2.87844E+06	 2.79505E+06
 5.20179E+03	 2.87346E+06	 2.79010E+06
 5.20577E+03	 2.85801E+06	 2.78516E+06
 5.20975E+03	 2.89567E+06	 2.78022E+06
 5.21373E+03	 2.88197E+06	 2.77528E+06
 5.21772E+03	 2.87840E+06	 2.77034E+06
 5.22170E+03	 2.83163E+06	 2.76540E+06
 5.22570E+03	 2.81682E+06	 2.76046E+06
 5.22969E+03	 2.78506E+06	 2.75552E+06
 5.23369E+03	 2.80170E+06	 2.75057E+06
 5.23770E+03	 2.82583E+06	 2.74561E+06
 5.24171E+03	 2.83918E+06	 2.74066E+06
 5.24572E+03	 2.83350E+06	 2.73570E+06
 5.24973E+03	 2.79057E+06	 2.73074E+06
 5.25375E+03	 2.75090E+06	 2.72578E+06
 5.25777E+03	 2.72872E+06	 2.72081E+06
 5.26180E+03	 2.70887E+06	 2.71585E+06
 5.26583E+03	 2.68835E+06	 2.71088E+06
 5.26986E+03	 2.69283E+06	 2.70592E+06
 5.27390E+03	 2.70576E+06	 2.70096E+06
 5.27795E+03	 2.72334E+06	 2.69600E+06
 5.28199E+03	 2.74184E+06	 2.69105E+06
 5.28603E+03	 2.73371E+06	 2.68609E+06
 5.29008E+03	 2.70581E+06	 2.68114E+06
 5.29415E+03	 2.66438E+06	 2.67620E+06
 5.29820E+03	 2.63337E+06	 2.67126E+06
 5.30226E+03	 2.59480E+06	 2.66632E+06
 5.30633E+03	 2.57881E+06	 2.66138E+06
 5.31040E+03	 2.55218E+06	 2.65645E+06
 5.31448E+03	 2.57438E+06	 2.65151E+06
 5.31855E+03	 2.61413E+06	 2.64658E+06
 5.32264E+03	 2.64862E+06	 2.64164E+06
 5.32671E+03	 2.65125E+06	 2.63670E+06
 5.33081E+03	 2.65439E+06	 2.63174E+06
 5.33490E+03	 2.66129E+06	 2.62678E+06
 5.33900E+03	 2.64337E+06	 2.62179E+06
 5.34310E+03	 2.67652E+06	 2.61679E+06
 5.34721E+03	 2.71216E+06	 2.61176E+06
 5.35130E+03	 2.73163E+06	 2.60670E+06
 5.35542E+03	 2.69575E+06	 2.60162E+06
 5.35954E+03	 2.67325E+06	 2.59651E+06
 5.36365E+03	 2.65367E+06	 2.59136E+06
 5.36778E+03	 2.66194E+06	 2.58618E+06
 5.37191E+03	 2.67794E+06	 2.58096E+06
 5.37604E+03	 2.69688E+06	 2.57570E+06
 5.38016E+03	 2.68242E+06	 2.57041E+06
 5.38430E+03	 2.65778E+06	 2.56508E+06
 5.38845E+03	 2.65744E+06	 2.55972E+06
 5.39259E+03	 2.66831E+06	 2.55432E+06
 5.39673E+03	 2.62997E+06	 2.54888E+06
 5.40088E+03	 2.58614E+06	 2.54341E+06
 5.40505E+03	 2.57128E+06	 2.53791E+06
 5.40920E+03	 2.55662E+06	 2.53239E+06
 5.41337E+03	 2.50891E+06	 2.52683E+06
 5.41753E+03	 2.52265E+06	 2.52125E+06
 5.42170E+03	 2.54709E+06	 2.51566E+06
 5.42587E+03	 2.55395E+06	 2.51004E+06
 5.43005E+03	 2.54502E+06	 2.50440E+06
 5.43423E+03	 2.52517E+06	 2.49875E+06
 5.43842E+03	 2.51078E+06	 2.49308E+06
 5.44261E+03	 2.48415E+06	 2.48740E+06
 5.44680E+03	 2.42994E+06	 2.48171E+06
 5.45100E+03	 2.39075E+06	 2.47602E+06
 5.45520E+03	 2.43105E+06	 2.47032E+06
 5.45939E+03	 2.47485E+06	 2.46461E+06
 5.46359E+03	 2.50773E+06	 2.45890E+06
 5.46781E+03	 2.48678E+06	 2.45319E+06
 5.47203E+03	 2.47076E+06	 2.44747E+06
 5.47624E+03	 2.49701E+06	 2.44175E+06
 5.48046E+03	 2.53508E+06	 2.43603E+06
 5.48469E+03	 2.55136E+06	 2.43031E+06
 5.48893E+03	 2.53528E+06	 2.42460E+06
 5.49315E+03	 2.44675E+06	 2.41888E+06
 5.49739E+03	 2.39927E+06	 2.41317E+06
 5.50162E+03	 2.39106E+06	 2.40747E+06
 5.50588E+03	 2.39108E+06	 2.40178E+06
 5.51012E+03	 2.40283E+06	 2.39610E+06
 5.51438E+03	 2.38943E+06	 2.39044E+06
 5.51862E+03	 2.39767E+06	 2.38479E+06
 5.52288E+03	 2.40026E+06	 2.37916E+06
 5.52715E+03	 2.39702E+06	 2.37355E+06
 5.53141E+03	 2.39410E+06	 2.36797E+06
 5.53568E+03	 2.38602E+06	 2.36241E+06
 5.53995E+03	 2.39108E+06	 2.35687E+06
 5.54423E+03	 2.35718E+06	 2.35137E+06
 5.54851E+03	 2.38110E+06	 2.34589E+06
 5.55279E+03	 2.36154E+06	 2.34045E+06
 5.55708E+03	 2.34717E+06	 2.33504E+06
 5.56138E+03	 2.30639E+06	 2.32967E+06
 5.56566E+03	 2.26395E+06	 2.32433E+06
 5.56996E+03	 2.23141E+06	 2.31904E+06
 5.57428E+03	 2.22438E+06	 2.31379E+06
 5.57856E+03	 2.24311E+06	 2.30859E+06
 5.58289E+03	 2.24637E+06	 2.30343E+06
 5.58720E+03	 2.21802E+06	 2.29831E+06
 5.59152E+03	 2.20730E+06	 2.29324E+06
 5.59583E+03	 2.19847E+06	 2.28820E+06
 5.60016E+03	 2.17637E+06	 2.28322E+06
 5.60450E+03	 2.20368E+06	 2.27827E+06
 5.60882E+03	 2.21582E+06	 2.27336E+06
 5.61316E+03	 2.25393E+06	 2.26848E+06
 5.61751E+03	 2.31795E+06	 2.26363E+06
 5.62185E+03	 2.37092E+06	 2.25881E+06
 5.62619E+03	 2.40663E+06	 2.25402E+06
