 3.40700E+03	 9.58845E+05
 3.40860E+03	 9.62417E+05
 3.41021E+03	 9.43077E+05
 3.41182E+03	 9.35573E+05
 3.41343E+03	 9.35796E+05
 3.41505E+03	 9.51279E+05
 3.41667E+03	 9.70361E+05
 3.41830E+03	 9.80057E+05
 3.41993E+03	 9.76582E+05
 3.42156E+03	 9.53663E+05
 3.42319E+03	 9.45101E+05
 3.42483E+03	 9.60027E+05
 3.42648E+03	 9.78092E+05
 3.42813E+03	 9.94031E+05
 3.42977E+03	 9.89454E+05
 3.43143E+03	 9.88912E+05
 3.43309E+03	 9.94036E+05
 3.43475E+03	 1.01450E+06
 3.43642E+03	 1.02461E+06
 3.43808E+03	 1.02249E+06
 3.43976E+03	 9.93312E+05
 3.44143E+03	 9.70757E+05
 3.44311E+03	 9.59317E+05
 3.44480E+03	 9.41916E+05
 3.44648E+03	 9.37212E+05
 3.44818E+03	 9.38824E+05
 3.44987E+03	 9.68930E+05
 3.45157E+03	 9.91695E+05
 3.45327E+03	 9.77266E+05
 3.45498E+03	 9.75206E+05
 3.45669E+03	 9.81675E+05
 3.45840E+03	 9.85588E+05
 3.46012E+03	 9.82876E+05
 3.46184E+03	 9.98733E+05
 3.46356E+03	 9.95603E+05
 3.46529E+03	 1.00354E+06
 3.46702E+03	 9.84150E+05
 3.46876E+03	 9.49681E+05
 3.47050E+03	 9.31023E+05
 3.47224E+03	 9.17145E+05
 3.47399E+03	 9.23972E+05
 3.47574E+03	 9.28861E+05
 3.47749E+03	 9.41383E+05
 3.47925E+03	 9.45683E+05
 3.48101E+03	 9.55274E+05
 3.48277E+03	 9.50153E+05
 3.48454E+03	 9.60784E+05
 3.48631E+03	 9.34378E+05
 3.48809E+03	 9.19966E+05
 3.48987E+03	 9.29326E+05
 3.49165E+03	 9.48028E+05
 3.49344E+03	 9.85506E+05
 3.49523E+03	 1.00379E+06
 3.49703E+03	 9.97848E+05
 3.49883E+03	 9.99327E+05
 3.50063E+03	 9.81167E+05
 3.50243E+03	 9.61561E+05
 3.50424E+03	 9.78218E+05
 3.50605E+03	 9.69886E+05
 3.50787E+03	 9.70184E+05
 3.50969E+03	 9.74749E+05
 3.51151E+03	 9.45747E+05
 3.51334E+03	 9.48651E+05
 3.51517E+03	 9.63342E+05
 3.51701E+03	 1.01238E+06
 3.51885E+03	 1.04417E+06
 3.52069E+03	 1.05008E+06
 3.52253E+03	 1.04532E+06
 3.52438E+03	 1.04671E+06
 3.52624E+03	 1.06271E+06
 3.52809E+03	 1.07681E+06
 3.52995E+03	 1.07868E+06
 3.53182E+03	 1.05796E+06
 3.53369E+03	 1.06236E+06
 3.53556E+03	 1.08604E+06
 3.53743E+03	 1.15568E+06
 3.53931E+03	 1.17645E+06
 3.54120E+03	 1.19439E+06
 3.54308E+03	 1.20127E+06
 3.54497E+03	 1.21547E+06
 3.54687E+03	 1.22952E+06
 3.54876E+03	 1.24200E+06
 3.55067E+03	 1.24861E+06
 3.55257E+03	 1.24008E+06
 3.55448E+03	 1.23118E+06
 3.55639E+03	 1.24293E+06
 3.55831E+03	 1.29392E+06
 3.56023E+03	 1.33816E+06
 3.56215E+03	 1.34941E+06
 3.56408E+03	 1.36994E+06
 3.56601E+03	 1.35791E+06
 3.56794E+03	 1.36427E+06
 3.56988E+03	 1.40708E+06
 3.57182E+03	 1.44211E+06
 3.57377E+03	 1.48051E+06
 3.57571E+03	 1.50944E+06
 3.57767E+03	 1.55586E+06
 3.57962E+03	 1.61120E+06
 3.58158E+03	 1.64527E+06
 3.58355E+03	 1.66670E+06
 3.58552E+03	 1.68325E+06
 3.58749E+03	 1.72082E+06
 3.58946E+03	 1.72315E+06
 3.59144E+03	 1.72021E+06
 3.59342E+03	 1.67933E+06
 3.59541E+03	 1.69978E+06
 3.59740E+03	 1.75714E+06
 3.59939E+03	 1.81886E+06
 3.60139E+03	 1.89368E+06
 3.60339E+03	 1.93786E+06
 3.60539E+03	 2.00311E+06
 3.60740E+03	 2.07343E+06
 3.60941E+03	 2.16984E+06
 3.61143E+03	 2.25321E+06
 3.61345E+03	 2.30777E+06
 3.61547E+03	 2.29145E+06
 3.61750E+03	 2.25958E+06
 3.61953E+03	 2.26687E+06
 3.62156E+03	 2.24424E+06
 3.62360E+03	 2.18852E+06
 3.62564E+03	 2.34567E+06
 3.62768E+03	 2.45491E+06
 3.62973E+03	 2.55350E+06
 3.63178E+03	 2.57984E+06
 3.63384E+03	 2.56859E+06
 3.63590E+03	 2.58077E+06
 3.63796E+03	 2.65935E+06
 3.64003E+03	 2.79575E+06
 3.64210E+03	 2.90390E+06
 3.64417E+03	 3.03679E+06
 3.64625E+03	 3.16818E+06
 3.64833E+03	 3.30292E+06
 3.65042E+03	 3.39759E+06
 3.65251E+03	 3.47301E+06
 3.65460E+03	 3.66823E+06
 3.65670E+03	 3.72155E+06
 3.65880E+03	 3.81966E+06
 3.66090E+03	 3.87572E+06
 3.66301E+03	 3.90549E+06
 3.66512E+03	 3.92326E+06
 3.66723E+03	 3.99064E+06
 3.66935E+03	 4.03373E+06
 3.67147E+03	 4.07526E+06
 3.67360E+03	 4.06466E+06
 3.67573E+03	 4.11121E+06
 3.67786E+03	 4.03588E+06
 3.68000E+03	 4.05910E+06
 3.68214E+03	 4.01457E+06
 3.68428E+03	 3.94912E+06
 3.68643E+03	 3.85405E+06
 3.68858E+03	 3.73956E+06
 3.69074E+03	 3.58050E+06
 3.69290E+03	 3.46468E+06
 3.69506E+03	 3.36800E+06
 3.69723E+03	 3.25686E+06
 3.69940E+03	 3.12636E+06
 3.70157E+03	 2.98699E+06
 3.70375E+03	 2.85502E+06
 3.70593E+03	 2.71957E+06
 3.70811E+03	 2.58834E+06
 3.71030E+03	 2.46473E+06
 3.71250E+03	 2.37493E+06
 3.71469E+03	 2.32546E+06
 3.71689E+03	 2.26050E+06
 3.71909E+03	 2.17880E+06
 3.72130E+03	 2.10780E+06
 3.72351E+03	 2.03319E+06
 3.72573E+03	 1.98467E+06
 3.72794E+03	 1.96420E+06
 3.73017E+03	 1.91989E+06
 3.73239E+03	 1.93927E+06
 3.73462E+03	 1.91294E+06
 3.73685E+03	 1.84849E+06
 3.73909E+03	 1.84475E+06
 3.74133E+03	 1.85160E+06
 3.74357E+03	 1.91528E+06
 3.74582E+03	 1.93882E+06
 3.74807E+03	 1.94854E+06
 3.75032E+03	 1.94457E+06
 3.75258E+03	 1.91947E+06
 3.75485E+03	 1.96709E+06
 3.75711E+03	 2.04021E+06
 3.75938E+03	 2.06310E+06
 3.76165E+03	 2.02026E+06
 3.76393E+03	 1.91912E+06
 3.76621E+03	 1.90980E+06
 3.76850E+03	 1.93540E+06
 3.77078E+03	 1.96518E+06
 3.77307E+03	 1.94265E+06
 3.77537E+03	 1.89960E+06
 3.77767E+03	 1.88129E+06
 3.77997E+03	 1.84505E+06
 3.78228E+03	 1.95215E+06
 3.78459E+03	 1.99312E+06
 3.78690E+03	 1.99437E+06
 3.78922E+03	 2.02757E+06
 3.79154E+03	 2.09058E+06
 3.79386E+03	 2.16129E+06
 3.79619E+03	 2.20383E+06
 3.79853E+03	 2.21416E+06
 3.80086E+03	 2.18948E+06
 3.80320E+03	 2.25260E+06
 3.80554E+03	 2.30173E+06
 3.80789E+03	 2.28684E+06
 3.81024E+03	 2.35854E+06
 3.81259E+03	 2.36993E+06
 3.81495E+03	 2.38013E+06
 3.81731E+03	 2.42926E+06
 3.81968E+03	 2.47162E+06
 3.82205E+03	 2.48951E+06
 3.82442E+03	 2.51532E+06
 3.82680E+03	 2.56144E+06
 3.82918E+03	 2.65662E+06
 3.83156E+03	 2.71929E+06
 3.83395E+03	 2.76367E+06
 3.83634E+03	 2.82699E+06
 3.83873E+03	 2.86858E+06
 3.84113E+03	 2.88020E+06
 3.84353E+03	 2.84892E+06
 3.84594E+03	 2.91224E+06
 3.84835E+03	 2.98309E+06
 3.85076E+03	 3.07776E+06
 3.85318E+03	 3.13403E+06
 3.85560E+03	 3.14438E+06
 3.85802E+03	 3.18985E+06
 3.86045E+03	 3.14006E+06
 3.86288E+03	 3.15051E+06
 3.86532E+03	 3.19552E+06
 3.86776E+03	 3.24796E+06
 3.87020E+03	 3.34817E+06
 3.87265E+03	 3.46940E+06
 3.87510E+03	 3.56952E+06
 3.87755E+03	 3.65199E+06
 3.88001E+03	 3.68950E+06
 3.88247E+03	 3.70329E+06
 3.88493E+03	 3.70976E+06
 3.88740E+03	 3.81411E+06
 3.88987E+03	 3.93680E+06
 3.89235E+03	 4.04527E+06
 3.89483E+03	 4.23988E+06
 3.89731E+03	 4.36399E+06
 3.89980E+03	 4.48709E+06
 3.90229E+03	 4.61801E+06
 3.90478E+03	 4.83937E+06
 3.90728E+03	 5.10298E+06
 3.90978E+03	 5.28226E+06
 3.91229E+03	 5.46622E+06
 3.91480E+03	 5.64836E+06
 3.91731E+03	 5.89407E+06
 3.91983E+03	 6.03220E+06
 3.92235E+03	 6.12160E+06
 3.92487E+03	 6.12740E+06
 3.92740E+03	 6.09782E+06
 3.92993E+03	 6.09917E+06
 3.93246E+03	 6.12772E+06
 3.93500E+03	 6.13626E+06
 3.93754E+03	 6.12632E+06
 3.94009E+03	 5.99404E+06
 3.94264E+03	 5.86759E+06
 3.94519E+03	 5.71459E+06
 3.94775E+03	 5.50862E+06
 3.95031E+03	 5.26421E+06
 3.95287E+03	 5.02157E+06
 3.95544E+03	 4.79615E+06
 3.95801E+03	 4.54496E+06
 3.96059E+03	 4.27455E+06
 3.96316E+03	 4.03853E+06
 3.96575E+03	 3.90104E+06
 3.96833E+03	 3.67606E+06
 3.97092E+03	 3.52309E+06
 3.97352E+03	 3.41281E+06
 3.97611E+03	 3.27966E+06
 3.97872E+03	 3.15420E+06
 3.98132E+03	 3.14032E+06
 3.98393E+03	 3.10770E+06
 3.98654E+03	 3.08682E+06
 3.98916E+03	 3.00136E+06
 3.99178E+03	 2.91400E+06
 3.99440E+03	 2.87150E+06
 3.99702E+03	 2.81663E+06
 3.99966E+03	 2.82123E+06
 4.00229E+03	 2.81671E+06
 4.00493E+03	 2.83414E+06
 4.00757E+03	 2.83836E+06
 4.01021E+03	 2.88195E+06
 4.01286E+03	 2.89057E+06
 4.01552E+03	 2.94282E+06
 4.01817E+03	 2.90133E+06
 4.02083E+03	 2.88601E+06
 4.02349E+03	 2.89296E+06
 4.02616E+03	 2.87521E+06
 4.02883E+03	 2.86388E+06
 4.03151E+03	 2.90206E+06
 4.03419E+03	 2.96306E+06
 4.03687E+03	 2.95125E+06
 4.03955E+03	 2.94559E+06
 4.04224E+03	 2.96641E+06
 4.04494E+03	 3.00258E+06
 4.04763E+03	 3.06954E+06
 4.05033E+03	 3.08515E+06
 4.05304E+03	 3.06738E+06
 4.05574E+03	 2.99532E+06
 4.05846E+03	 2.95616E+06
 4.06117E+03	 2.95098E+06
 4.06389E+03	 3.00662E+06
 4.06661E+03	 3.03951E+06
 4.06934E+03	 3.09898E+06
 4.07207E+03	 3.25192E+06
 4.07480E+03	 3.31660E+06
 4.07754E+03	 3.25922E+06
 4.08028E+03	 3.21087E+06
 4.08302E+03	 3.27844E+06
 4.08577E+03	 3.39744E+06
 4.08853E+03	 3.45755E+06
 4.09128E+03	 3.53115E+06
 4.09404E+03	 3.53752E+06
 4.09680E+03	 3.52858E+06
 4.09957E+03	 3.52061E+06
 4.10234E+03	 3.51287E+06
 4.10511E+03	 3.55910E+06
 4.10789E+03	 3.54156E+06
 4.11067E+03	 3.52698E+06
 4.11346E+03	 3.58947E+06
 4.11625E+03	 3.61098E+06
 4.11904E+03	 3.64601E+06
 4.12184E+03	 3.69757E+06
 4.12464E+03	 3.78318E+06
 4.12744E+03	 3.82492E+06
 4.13025E+03	 3.92294E+06
 4.13306E+03	 3.98006E+06
 4.13587E+03	 4.01097E+06
 4.13869E+03	 3.99057E+06
 4.14151E+03	 4.02247E+06
 4.14434E+03	 4.01325E+06
 4.14717E+03	 4.05858E+06
 4.15000E+03	 4.07285E+06
 4.15284E+03	 3.99168E+06
 4.15568E+03	 3.99318E+06
 4.15852E+03	 3.96059E+06
 4.16137E+03	 3.91867E+06
 4.16422E+03	 3.94198E+06
 4.16708E+03	 3.89979E+06
 4.16993E+03	 3.89335E+06
 4.17280E+03	 3.92910E+06
 4.17566E+03	 3.94442E+06
 4.17853E+03	 3.88362E+06
 4.18141E+03	 3.88522E+06
 4.18428E+03	 3.93946E+06
 4.18716E+03	 3.92375E+06
 4.19005E+03	 3.92933E+06
 4.19294E+03	 3.88193E+06
 4.19583E+03	 3.82183E+06
 4.19872E+03	 3.80373E+06
 4.20162E+03	 3.69164E+06
 4.20453E+03	 3.61376E+06
 4.20743E+03	 3.56211E+06
 4.21034E+03	 3.40432E+06
 4.21326E+03	 3.46909E+06
 4.21618E+03	 3.44926E+06
 4.21910E+03	 3.49588E+06
 4.22202E+03	 3.51136E+06
 4.22495E+03	 3.51468E+06
 4.22788E+03	 3.55493E+06
 4.23082E+03	 3.62107E+06
 4.23376E+03	 3.70744E+06
 4.23670E+03	 3.81115E+06
 4.23965E+03	 3.88344E+06
 4.24260E+03	 3.95426E+06
 4.24555E+03	 3.94106E+06
 4.24851E+03	 3.87158E+06
 4.25147E+03	 3.79420E+06
 4.25444E+03	 3.81997E+06
 4.25741E+03	 3.86663E+06
 4.26038E+03	 3.88328E+06
 4.26336E+03	 3.93997E+06
 4.26634E+03	 3.96803E+06
 4.26932E+03	 3.93294E+06
 4.27231E+03	 3.85657E+06
 4.27530E+03	 3.81152E+06
 4.27830E+03	 3.77492E+06
 4.28130E+03	 3.71407E+06
 4.28430E+03	 3.64984E+06
 4.28730E+03	 3.65332E+06
 4.29031E+03	 3.77367E+06
 4.29333E+03	 3.85557E+06
 4.29634E+03	 3.86644E+06
 4.29937E+03	 3.83002E+06
 4.30239E+03	 3.82895E+06
 4.30542E+03	 3.78841E+06
 4.30845E+03	 3.68236E+06
 4.31149E+03	 3.64712E+06
 4.31453E+03	 3.64509E+06
 4.31757E+03	 3.66448E+06
 4.32062E+03	 3.66104E+06
 4.32366E+03	 3.67125E+06
 4.32672E+03	 3.61748E+06
 4.32978E+03	 3.60499E+06
 4.33284E+03	 3.58081E+06
 4.33590E+03	 3.56377E+06
 4.33897E+03	 3.55775E+06
 4.34204E+03	 3.54119E+06
 4.34512E+03	 3.54485E+06
 4.34820E+03	 3.62973E+06
 4.35128E+03	 3.67846E+06
 4.35437E+03	 3.65559E+06
 4.35746E+03	 3.68638E+06
 4.36056E+03	 3.67799E+06
 4.36365E+03	 3.65398E+06
 4.36676E+03	 3.64121E+06
 4.36986E+03	 3.69166E+06
 4.37297E+03	 3.69259E+06
 4.37608E+03	 3.68389E+06
 4.37920E+03	 3.71976E+06
 4.38232E+03	 3.69788E+06
 4.38544E+03	 3.73732E+06
 4.38857E+03	 3.74715E+06
 4.39170E+03	 3.71290E+06
 4.39484E+03	 3.68064E+06
 4.39798E+03	 3.66217E+06
 4.40112E+03	 3.68807E+06
 4.40427E+03	 3.70427E+06
 4.40741E+03	 3.73191E+06
 4.41057E+03	 3.76207E+06
 4.41372E+03	 3.73437E+06
 4.41689E+03	 3.70733E+06
 4.42005E+03	 3.67622E+06
 4.42322E+03	 3.63204E+06
 4.42639E+03	 3.60861E+06
 4.42957E+03	 3.60748E+06
 4.43275E+03	 3.56849E+06
 4.43593E+03	 3.58846E+06
 4.43911E+03	 3.64151E+06
 4.44230E+03	 3.67348E+06
 4.44550E+03	 3.69253E+06
 4.44870E+03	 3.66142E+06
 4.45190E+03	 3.63958E+06
 4.45510E+03	 3.63373E+06
 4.45831E+03	 3.61662E+06
 4.46152E+03	 3.60892E+06
 4.46474E+03	 3.63271E+06
 4.46796E+03	 3.62398E+06
 4.47118E+03	 3.76286E+06
 4.47441E+03	 3.78592E+06
 4.47764E+03	 3.76899E+06
 4.48088E+03	 3.74900E+06
 4.48411E+03	 3.72406E+06
 4.48735E+03	 3.67824E+06
 4.49060E+03	 3.63253E+06
 4.49385E+03	 3.62048E+06
 4.49710E+03	 3.65492E+06
 4.50036E+03	 3.67258E+06
 4.50362E+03	 3.67365E+06
 4.50688E+03	 3.62984E+06
 4.51015E+03	 3.60970E+06
 4.51342E+03	 3.64192E+06
 4.51670E+03	 3.65657E+06
 4.51997E+03	 3.63827E+06
 4.52326E+03	 3.58105E+06
 4.52654E+03	 3.58158E+06
 4.52983E+03	 3.56727E+06
 4.53312E+03	 3.59375E+06
 4.53642E+03	 3.58150E+06
 4.53973E+03	 3.61897E+06
 4.54303E+03	 3.61591E+06
 4.54634E+03	 3.56527E+06
 4.54965E+03	 3.53593E+06
 4.55296E+03	 3.51672E+06
 4.55628E+03	 3.49637E+06
 4.55961E+03	 3.47293E+06
 4.56293E+03	 3.51516E+06
 4.56626E+03	 3.51672E+06
 4.56959E+03	 3.55227E+06
 4.57293E+03	 3.56655E+06
 4.57628E+03	 3.55618E+06
 4.57962E+03	 3.53534E+06
 4.58297E+03	 3.53700E+06
 4.58632E+03	 3.53573E+06
 4.58968E+03	 3.60203E+06
 4.59304E+03	 3.64995E+06
 4.59640E+03	 3.63669E+06
 4.59977E+03	 3.64330E+06
 4.60314E+03	 3.69058E+06
 4.60651E+03	 3.71769E+06
 4.60989E+03	 3.71872E+06
 4.61327E+03	 3.67013E+06
 4.61666E+03	 3.59888E+06
 4.62005E+03	 3.53835E+06
 4.62344E+03	 3.55670E+06
 4.62684E+03	 3.53571E+06
 4.63024E+03	 3.50189E+06
 4.63364E+03	 3.48789E+06
 4.63705E+03	 3.47946E+06
 4.64046E+03	 3.46296E+06
 4.64387E+03	 3.43130E+06
 4.64729E+03	 3.46518E+06
 4.65071E+03	 3.50061E+06
 4.65414E+03	 3.51828E+06
 4.65757E+03	 3.51197E+06
 4.66100E+03	 3.48728E+06
 4.66444E+03	 3.49430E+06
 4.66788E+03	 3.47816E+06
 4.67133E+03	 3.47121E+06
 4.67478E+03	 3.45583E+06
 4.67822E+03	 3.35708E+06
 4.68168E+03	 3.32974E+06
 4.68514E+03	 3.34922E+06
 4.68860E+03	 3.30861E+06
 4.69207E+03	 3.27296E+06
 4.69554E+03	 3.22637E+06
 4.69901E+03	 3.24735E+06
 4.70249E+03	 3.35571E+06
 4.70597E+03	 3.42804E+06
 4.70946E+03	 3.40327E+06
 4.71295E+03	 3.35150E+06
 4.71644E+03	 3.31801E+06
 4.71993E+03	 3.34027E+06
 4.72343E+03	 3.33978E+06
 4.72694E+03	 3.32651E+06
 4.73044E+03	 3.29577E+06
 4.73396E+03	 3.27450E+06
 4.73747E+03	 3.31243E+06
 4.74099E+03	 3.29504E+06
 4.74451E+03	 3.28784E+06
 4.74804E+03	 3.27693E+06
 4.75157E+03	 3.30363E+06
 4.75510E+03	 3.34682E+06
 4.75863E+03	 3.38173E+06
 4.76217E+03	 3.41591E+06
 4.76572E+03	 3.38958E+06
 4.76926E+03	 3.40873E+06
 4.77282E+03	 3.42076E+06
 4.77637E+03	 3.46900E+06
 4.77993E+03	 3.51801E+06
 4.78349E+03	 3.57576E+06
 4.78705E+03	 3.54085E+06
 4.79062E+03	 3.44627E+06
 4.79420E+03	 3.45575E+06
 4.79778E+03	 3.46361E+06
 4.80136E+03	 3.50729E+06
 4.80494E+03	 3.44394E+06
 4.80853E+03	 3.40638E+06
 4.81212E+03	 3.36976E+06
 4.81572E+03	 3.30111E+06
 4.81931E+03	 3.19441E+06
 4.82292E+03	 3.15549E+06
 4.82653E+03	 3.11072E+06
 4.83014E+03	 3.02974E+06
 4.83375E+03	 3.00958E+06
 4.83737E+03	 3.04381E+06
 4.84098E+03	 3.08982E+06
 4.84461E+03	 3.15523E+06
 4.84825E+03	 3.17614E+06
 4.85187E+03	 3.22843E+06
 4.85551E+03	 3.23108E+06
 4.85914E+03	 3.23562E+06
 4.86279E+03	 3.23807E+06
 4.86644E+03	 3.24785E+06
 4.87009E+03	 3.27447E+06
 4.87375E+03	 3.29856E+06
 4.87740E+03	 3.29315E+06
 4.88107E+03	 3.27275E+06
 4.88473E+03	 3.20470E+06
 4.88839E+03	 3.20064E+06
 4.89207E+03	 3.19589E+06
 4.89575E+03	 3.25555E+06
 4.89943E+03	 3.29129E+06
 4.90311E+03	 3.33963E+06
 4.90680E+03	 3.36494E+06
 4.91049E+03	 3.36690E+06
 4.91419E+03	 3.35751E+06
 4.91788E+03	 3.29456E+06
 4.92159E+03	 3.28332E+06
 4.92529E+03	 3.24144E+06
 4.92900E+03	 3.24762E+06
 4.93271E+03	 3.24833E+06
 4.93643E+03	 3.28057E+06
 4.94015E+03	 3.28165E+06
 4.94387E+03	 3.25534E+06
 4.94761E+03	 3.23839E+06
 4.95134E+03	 3.22240E+06
 4.95507E+03	 3.18099E+06
 4.95881E+03	 3.15224E+06
 4.96255E+03	 3.14644E+06
 4.96630E+03	 3.09537E+06
 4.97005E+03	 3.05765E+06
 4.97380E+03	 3.01704E+06
 4.97756E+03	 2.96861E+06
 4.98132E+03	 2.96640E+06
 4.98509E+03	 2.97144E+06
 4.98885E+03	 2.97040E+06
 4.99262E+03	 2.98276E+06
 4.99640E+03	 2.99374E+06
 5.00018E+03	 3.04247E+06
 5.00396E+03	 3.07302E+06
 5.00775E+03	 3.11430E+06
 5.01154E+03	 3.14804E+06
 5.01533E+03	 3.15112E+06
 5.01914E+03	 3.13510E+06
 5.02294E+03	 3.09814E+06
 5.02674E+03	 3.06881E+06
 5.03055E+03	 3.05727E+06
 5.03436E+03	 3.07520E+06
 5.03818E+03	 3.09300E+06
 5.04200E+03	 3.12298E+06
 5.04582E+03	 3.14813E+06
 5.04965E+03	 3.14482E+06
 5.05348E+03	 3.17066E+06
 5.05732E+03	 3.19067E+06
 5.06116E+03	 3.16755E+06
 5.06499E+03	 3.14392E+06
 5.06884E+03	 3.11768E+06
 5.07269E+03	 3.11559E+06
 5.07655E+03	 3.11519E+06
 5.08040E+03	 3.08516E+06
 5.08426E+03	 3.07209E+06
 5.08813E+03	 3.07512E+06
 5.09199E+03	 3.04079E+06
 5.09587E+03	 2.97939E+06
 5.09974E+03	 2.90368E+06
 5.10362E+03	 2.87945E+06
 5.10751E+03	 2.80479E+06
 5.11139E+03	 2.80262E+06
 5.11528E+03	 2.77758E+06
 5.11917E+03	 2.76856E+06
 5.12307E+03	 2.74801E+06
 5.12697E+03	 2.77024E+06
 5.13087E+03	 2.75246E+06
 5.13479E+03	 2.75244E+06
 5.13870E+03	 2.82112E+06
 5.14261E+03	 2.83358E+06
 5.14653E+03	 2.84946E+06
 5.15045E+03	 2.86563E+06
 5.15438E+03	 2.86158E+06
 5.15831E+03	 2.81540E+06
 5.16225E+03	 2.80052E+06
 5.16618E+03	 2.76784E+06
 5.17014E+03	 2.78060E+06
 5.17407E+03	 2.78221E+06
 5.17802E+03	 2.81894E+06
 5.18198E+03	 2.85959E+06
 5.18593E+03	 2.86811E+06
 5.18989E+03	 2.89390E+06
 5.19386E+03	 2.90660E+06
 5.19782E+03	 2.87993E+06
 5.20179E+03	 2.87806E+06
 5.20577E+03	 2.86117E+06
 5.20975E+03	 2.89566E+06
 5.21373E+03	 2.88736E+06
 5.21772E+03	 2.87895E+06
 5.22170E+03	 2.83382E+06
 5.22570E+03	 2.82127E+06
 5.22969E+03	 2.78668E+06
 5.23369E+03	 2.80462E+06
 5.23770E+03	 2.82799E+06
 5.24171E+03	 2.83880E+06
 5.24572E+03	 2.83711E+06
 5.24973E+03	 2.79339E+06
 5.25375E+03	 2.75259E+06
 5.25777E+03	 2.73300E+06
 5.26180E+03	 2.70792E+06
 5.26583E+03	 2.68891E+06
 5.26986E+03	 2.69657E+06
 5.27390E+03	 2.70837E+06
 5.27795E+03	 2.72830E+06
 5.28199E+03	 2.74229E+06
 5.28603E+03	 2.72981E+06
 5.29008E+03	 2.71035E+06
 5.29415E+03	 2.66704E+06
 5.29820E+03	 2.63765E+06
 5.30226E+03	 2.59778E+06
 5.30633E+03	 2.57676E+06
 5.31040E+03	 2.55404E+06
 5.31448E+03	 2.57664E+06
 5.31855E+03	 2.61725E+06
 5.32264E+03	 2.65272E+06
 5.32671E+03	 2.65213E+06
 5.33081E+03	 2.65414E+06
 5.33490E+03	 2.66543E+06
 5.33900E+03	 2.64475E+06
 5.34310E+03	 2.68003E+06
 5.34721E+03	 2.71575E+06
 5.35130E+03	 2.73161E+06
 5.35542E+03	 2.69972E+06
 5.35954E+03	 2.67561E+06
 5.36365E+03	 2.65589E+06
 5.36778E+03	 2.66690E+06
 5.37191E+03	 2.68002E+06
 5.37604E+03	 2.69757E+06
 5.38016E+03	 2.68654E+06
 5.38430E+03	 2.65824E+06
 5.38845E+03	 2.66081E+06
 5.39259E+03	 2.67167E+06
 5.39673E+03	 2.62987E+06
 5.40088E+03	 2.59091E+06
 5.40505E+03	 2.57181E+06
 5.40920E+03	 2.55702E+06
 5.41337E+03	 2.51248E+06
 5.41753E+03	 2.52424E+06
 5.42170E+03	 2.55145E+06
 5.42587E+03	 2.55574E+06
 5.43005E+03	 2.54246E+06
 5.43423E+03	 2.52717E+06
 5.43842E+03	 2.51431E+06
 5.44261E+03	 2.48767E+06
 5.44680E+03	 2.43330E+06
 5.45100E+03	 2.38786E+06
 5.45520E+03	 2.42857E+06
 5.45939E+03	 2.47824E+06
 5.46359E+03	 2.50967E+06
 5.46781E+03	 2.49027E+06
 5.47203E+03	 2.47135E+06
 5.47624E+03	 2.49368E+06
 5.48046E+03	 2.53896E+06
 5.48469E+03	 2.55251E+06
 5.48893E+03	 2.53761E+06
 5.49315E+03	 2.45032E+06
 5.49739E+03	 2.39827E+06
 5.50162E+03	 2.39397E+06
 5.50588E+03	 2.39185E+06
 5.51012E+03	 2.40435E+06
 5.51438E+03	 2.39324E+06
 5.51862E+03	 2.39917E+06
 5.52288E+03	 2.40071E+06
 5.52715E+03	 2.40003E+06
 5.53141E+03	 2.39395E+06
 5.53568E+03	 2.38857E+06
 5.53995E+03	 2.39426E+06
 5.54423E+03	 2.35767E+06
 5.54851E+03	 2.38366E+06
 5.55279E+03	 2.36079E+06
 5.55708E+03	 2.34730E+06
 5.56138E+03	 2.30922E+06
 5.56566E+03	 2.26541E+06
 5.56996E+03	 2.23153E+06
 5.57428E+03	 2.22570E+06
 5.57856E+03	 2.24079E+06
 5.58289E+03	 2.24659E+06
 5.58720E+03	 2.21961E+06
 5.59152E+03	 2.20770E+06
 5.59583E+03	 2.20102E+06
