 3.40700E+03	 5.53288E+04
 3.40860E+03	 5.65086E+04
 3.41021E+03	 3.74091E+04
 3.41182E+03	 3.03047E+04
 3.41343E+03	 2.73881E+04
 3.41505E+03	 4.29929E+04
 3.41667E+03	 5.99789E+04
 3.41830E+03	 6.91752E+04
 3.41993E+03	 6.38579E+04
 3.42156E+03	 4.15417E+04
 3.42319E+03	 3.16181E+04
 3.42483E+03	 4.57288E+04
 3.42648E+03	 6.26465E+04
 3.42813E+03	 7.85005E+04
 3.42977E+03	 7.39275E+04
 3.43143E+03	 6.83557E+04
 3.43309E+03	 7.39802E+04
 3.43475E+03	 9.39974E+04
 3.43642E+03	 1.02807E+05
 3.43808E+03	 1.01358E+05
 3.43976E+03	 6.61231E+04
 3.44143E+03	 4.54128E+04
 3.44311E+03	 3.17084E+04
 3.44480E+03	 1.36065E+04
 3.44648E+03	 8.19175E+03
 3.44818E+03	 6.84900E+03
 3.44987E+03	 3.61967E+04
 3.45157E+03	 5.66872E+04
 3.45327E+03	 4.20317E+04
 3.45498E+03	 3.76241E+04
 3.45669E+03	 4.30144E+04
 3.45840E+03	 4.35234E+04
 3.46012E+03	 3.88463E+04
 3.46184E+03	 5.42143E+04
 3.46356E+03	 4.77366E+04
 3.46529E+03	 5.38634E+04
 3.46702E+03	 3.03731E+04
 3.46876E+03	 5.44888E+03
 3.47050E+03	 2.64325E+04
 3.47224E+03	 4.34536E+04
 3.47399E+03	 4.00415E+04
 3.47574E+03	 3.93474E+04
 3.47749E+03	 3.08912E+04
 3.47925E+03	 3.08994E+04
 3.48101E+03	 2.25230E+04
 3.48277E+03	 3.21354E+04
 3.48454E+03	 2.53416E+04
 3.48631E+03	 5.75487E+04
 3.48809E+03	 7.46819E+04
 3.48987E+03	 7.18482E+04
 3.49165E+03	 5.78296E+04
 3.49344E+03	 2.57319E+04
 3.49523E+03	 1.20499E+04
 3.49703E+03	 2.39391E+04
 3.49883E+03	 2.60047E+04
 3.50063E+03	 5.38391E+04
 3.50243E+03	 7.87514E+04
 3.50424E+03	 7.02044E+04
 3.50605E+03	 8.39001E+04
 3.50787E+03	 9.00089E+04
 3.50969E+03	 9.50989E+04
 3.51151E+03	 1.30432E+05
 3.51334E+03	 1.35485E+05
 3.51517E+03	 1.28378E+05
 3.51701E+03	 8.84069E+04
 3.51885E+03	 6.52668E+04
 3.52069E+03	 6.86661E+04
 3.52253E+03	 8.24422E+04
 3.52438E+03	 8.88736E+04
 3.52624E+03	 8.31398E+04
 3.52809E+03	 7.80110E+04
 3.52995E+03	 8.93696E+04
 3.53182E+03	 1.17608E+05
 3.53369E+03	 1.23466E+05
 3.53556E+03	 1.09628E+05
 3.53743E+03	 5.13202E+04
 3.53931E+03	 4.23004E+04
 3.54120E+03	 3.60766E+04
 3.54308E+03	 3.98965E+04
 3.54497E+03	 3.42186E+04
 3.54687E+03	 3.33395E+04
 3.54876E+03	 3.17996E+04
 3.55067E+03	 3.82796E+04
 3.55257E+03	 5.75619E+04
 3.55448E+03	 7.89009E+04
 3.55639E+03	 7.89356E+04
 3.55831E+03	 3.94544E+04
 3.56023E+03	 8.17462E+03
 3.56215E+03	 8.58150E+03
 3.56408E+03	 5.38875E+02
 3.56601E+03	 2.21084E+04
 3.56794E+03	 2.98354E+04
 3.56988E+03	 5.99625E+02
 3.57182E+03	 2.39936E+04
 3.57377E+03	 5.14944E+04
 3.57571E+03	 6.92955E+04
 3.57767E+03	 1.01006E+05
 3.57962E+03	 1.44711E+05
 3.58158E+03	 1.68382E+05
 3.58355E+03	 1.77306E+05
 3.58552E+03	 1.85333E+05
 3.58749E+03	 2.05047E+05
 3.58946E+03	 2.00686E+05
 3.59144E+03	 1.87052E+05
 3.59342E+03	 1.34783E+05
 3.59541E+03	 1.45786E+05
 3.59740E+03	 1.87998E+05
 3.59939E+03	 2.42234E+05
 3.60139E+03	 3.08185E+05
 3.60339E+03	 3.42946E+05
 3.60539E+03	 3.96885E+05
 3.60740E+03	 4.58572E+05
 3.60941E+03	 5.44828E+05
 3.61143E+03	 6.18565E+05
 3.61345E+03	 6.66998E+05
 3.61547E+03	 6.38926E+05
 3.61750E+03	 5.99923E+05
 3.61953E+03	 5.96889E+05
 3.62156E+03	 5.67095E+05
 3.62360E+03	 5.04256E+05
 3.62564E+03	 6.54176E+05
 3.62768E+03	 7.54733E+05
 3.62973E+03	 8.44852E+05
 3.63178E+03	 8.63745E+05
 3.63384E+03	 8.49619E+05
 3.63590E+03	 8.52770E+05
 3.63796E+03	 9.23160E+05
 3.64003E+03	 1.05346E+06
 3.64210E+03	 1.15490E+06
 3.64417E+03	 1.28330E+06
 3.64625E+03	 1.41388E+06
 3.64833E+03	 1.53364E+06
 3.65042E+03	 1.62525E+06
 3.65251E+03	 1.69404E+06
 3.65460E+03	 1.88287E+06
 3.65670E+03	 1.93778E+06
 3.65880E+03	 2.02455E+06
 3.66090E+03	 2.07616E+06
 3.66301E+03	 2.10064E+06
 3.66512E+03	 2.11184E+06
 3.66723E+03	 2.17451E+06
 3.66935E+03	 2.21273E+06
 3.67147E+03	 2.24705E+06
 3.67360E+03	 2.23508E+06
 3.67573E+03	 2.27662E+06
 3.67786E+03	 2.19361E+06
 3.68000E+03	 2.21634E+06
 3.68214E+03	 2.16611E+06
 3.68428E+03	 2.09580E+06
 3.68643E+03	 1.99791E+06
 3.68858E+03	 1.87552E+06
 3.69074E+03	 1.71375E+06
 3.69290E+03	 1.59473E+06
 3.69506E+03	 1.49081E+06
 3.69723E+03	 1.38103E+06
 3.69940E+03	 1.24305E+06
 3.70157E+03	 1.09749E+06
 3.70375E+03	 9.61128E+05
 3.70593E+03	 8.18437E+05
 3.70811E+03	 6.85566E+05
 3.71030E+03	 5.61007E+05
 3.71250E+03	 4.62050E+05
 3.71469E+03	 4.08188E+05
 3.71689E+03	 3.35204E+05
 3.71909E+03	 2.51491E+05
 3.72130E+03	 1.72954E+05
 3.72351E+03	 9.59898E+04
 3.72573E+03	 4.08346E+04
 3.72794E+03	 1.55518E+04
 3.73017E+03	 3.46565E+04
 3.73239E+03	 1.78571E+04
 3.73462E+03	 5.10574E+04
 3.73685E+03	 1.23828E+05
 3.73909E+03	 1.34157E+05
 3.74133E+03	 1.33616E+05
 3.74357E+03	 7.53551E+04
 3.74582E+03	 5.71776E+04
 3.74807E+03	 5.73725E+04
 3.75032E+03	 6.69500E+04
 3.75258E+03	 9.82889E+04
 3.75485E+03	 5.92248E+04
 3.75711E+03	 9.69712E+03
 3.75938E+03	 2.07766E+04
 3.76165E+03	 2.83311E+04
 3.76393E+03	 1.37323E+05
 3.76621E+03	 1.56474E+05
 3.76850E+03	 1.38322E+05
 3.77078E+03	 1.20904E+05
 3.77307E+03	 1.50334E+05
 3.77537E+03	 2.01006E+05
 3.77767E+03	 2.27660E+05
 3.77997E+03	 2.75391E+05
 3.78228E+03	 1.77198E+05
 3.78459E+03	 1.47997E+05
 3.78690E+03	 1.55619E+05
 3.78922E+03	 1.30531E+05
 3.79154E+03	 7.90156E+04
 3.79386E+03	 1.74018E+04
 3.79619E+03	 1.17310E+04
 3.79853E+03	 1.40478E+04
 3.80086E+03	 1.69375E+04
 3.80320E+03	 3.23470E+04
 3.80554E+03	 7.05932E+04
 3.80789E+03	 4.49948E+04
 3.81024E+03	 1.05004E+05
 3.81259E+03	 1.09094E+05
 3.81495E+03	 1.04472E+05
 3.81731E+03	 1.43848E+05
 3.81968E+03	 1.76027E+05
 3.82205E+03	 1.83407E+05
 3.82442E+03	 2.00378E+05
 3.82680E+03	 2.38670E+05
 3.82918E+03	 3.18664E+05
 3.83156E+03	 3.73373E+05
 3.83395E+03	 4.07310E+05
 3.83634E+03	 4.58522E+05
 3.83873E+03	 4.94753E+05
 3.84113E+03	 4.94104E+05
 3.84353E+03	 4.52635E+05
 3.84594E+03	 5.08208E+05
 3.84835E+03	 5.67265E+05
 3.85076E+03	 6.53912E+05
 3.85318E+03	 6.99889E+05
 3.85560E+03	 6.99121E+05
 3.85802E+03	 7.38099E+05
 3.86045E+03	 6.79979E+05
 3.86288E+03	 6.79793E+05
 3.86532E+03	 7.17708E+05
 3.86776E+03	 7.59550E+05
 3.87020E+03	 8.56479E+05
 3.87265E+03	 9.69350E+05
 3.87510E+03	 1.05678E+06
 3.87755E+03	 1.13290E+06
 3.88001E+03	 1.16187E+06
 3.88247E+03	 1.16592E+06
 3.88493E+03	 1.17256E+06
 3.88740E+03	 1.26380E+06
 3.88987E+03	 1.37731E+06
 3.89235E+03	 1.47938E+06
 3.89483E+03	 1.66254E+06
 3.89731E+03	 1.78476E+06
 3.89980E+03	 1.90524E+06
 3.90229E+03	 2.01968E+06
 3.90478E+03	 2.23820E+06
 3.90728E+03	 2.49015E+06
 3.90978E+03	 2.66455E+06
 3.91229E+03	 2.85351E+06
 3.91480E+03	 3.01849E+06
 3.91731E+03	 3.25716E+06
 3.91983E+03	 3.38536E+06
 3.92235E+03	 3.46595E+06
 3.92487E+03	 3.47420E+06
 3.92740E+03	 3.44138E+06
 3.92993E+03	 3.42535E+06
 3.93246E+03	 3.45011E+06
 3.93500E+03	 3.44628E+06
 3.93754E+03	 3.43080E+06
 3.94009E+03	 3.30120E+06
 3.94264E+03	 3.15986E+06
 3.94519E+03	 3.00403E+06
 3.94775E+03	 2.78696E+06
 3.95031E+03	 2.53096E+06
 3.95287E+03	 2.28661E+06
 3.95544E+03	 2.05172E+06
 3.95801E+03	 1.79117E+06
 3.96059E+03	 1.51713E+06
 3.96316E+03	 1.26715E+06
 3.96575E+03	 1.12281E+06
 3.96833E+03	 8.89552E+05
 3.97092E+03	 7.24904E+05
 3.97352E+03	 6.10320E+05
 3.97611E+03	 4.67704E+05
 3.97872E+03	 3.30522E+05
 3.98132E+03	 3.08650E+05
 3.98393E+03	 2.60602E+05
 3.98654E+03	 2.34653E+05
 3.98916E+03	 1.39093E+05
 3.99178E+03	 4.14075E+04
 3.99440E+03	 1.08118E+04
 3.99702E+03	 7.82515E+04
 3.99966E+03	 8.22845E+04
 4.00229E+03	 9.54340E+04
 4.00493E+03	 9.24252E+04
 4.00757E+03	 1.00828E+05
 4.01021E+03	 6.77672E+04
 4.01286E+03	 7.14905E+04
 4.01552E+03	 2.65720E+04
 4.01817E+03	 8.11390E+04
 4.02083E+03	 1.12985E+05
 4.02349E+03	 1.19010E+05
 4.02616E+03	 1.49494E+05
 4.02883E+03	 1.73356E+05
 4.03151E+03	 1.43552E+05
 4.03419E+03	 1.02878E+05
 4.03687E+03	 1.26195E+05
 4.03955E+03	 1.45721E+05
 4.04224E+03	 1.42231E+05
 4.04494E+03	 1.16602E+05
 4.04763E+03	 7.00475E+04
 4.05033E+03	 6.67072E+04
 4.05304E+03	 9.67555E+04
 4.05574E+03	 1.87364E+05
 4.05846E+03	 2.41117E+05
 4.06117E+03	 2.60451E+05
 4.06389E+03	 2.23929E+05
 4.06661E+03	 2.03720E+05
 4.06934E+03	 1.59030E+05
 4.07207E+03	 2.46875E+04
 4.07480E+03	 2.67162E+04
 4.07754E+03	 4.85582E+04
 4.08028E+03	 1.11560E+05
 4.08302E+03	 5.42572E+04
 4.08577E+03	 4.41230E+04
 4.08853E+03	 8.82378E+04
 4.09128E+03	 1.44898E+05
 4.09404E+03	 1.35910E+05
 4.09680E+03	 1.18608E+05
 4.09957E+03	 9.41155E+04
 4.10234E+03	 6.69660E+04
 4.10511E+03	 9.85055E+04
 4.10789E+03	 6.52832E+04
 4.11067E+03	 3.93245E+04
 4.11346E+03	 9.56328E+04
 4.11625E+03	 9.28180E+04
 4.11904E+03	 1.16466E+05
 4.12184E+03	 1.54110E+05
 4.12464E+03	 2.27378E+05
 4.12744E+03	 2.63305E+05
 4.13025E+03	 3.42973E+05
 4.13306E+03	 3.89237E+05
 4.13587E+03	 4.08611E+05
 4.13869E+03	 3.75058E+05
 4.14151E+03	 4.00678E+05
 4.14434E+03	 3.80285E+05
 4.14717E+03	 4.13930E+05
 4.15000E+03	 4.24791E+05
 4.15284E+03	 3.30889E+05
 4.15568E+03	 3.23915E+05
 4.15852E+03	 2.87525E+05
 4.16137E+03	 2.32830E+05
 4.16422E+03	 2.53025E+05
 4.16708E+03	 2.05382E+05
 4.16993E+03	 1.88647E+05
 4.17280E+03	 2.22861E+05
 4.17566E+03	 2.32560E+05
 4.17853E+03	 1.64533E+05
 4.18141E+03	 1.65986E+05
 4.18428E+03	 2.12577E+05
 4.18716E+03	 1.93610E+05
 4.19005E+03	 1.95712E+05
 4.19294E+03	 1.42057E+05
 4.19583E+03	 8.56128E+04
 4.19872E+03	 6.68645E+04
 4.20162E+03	 5.40640E+04
 4.20453E+03	 1.32316E+05
 4.20743E+03	 1.87682E+05
 4.21034E+03	 3.44104E+05
 4.21326E+03	 2.74634E+05
 4.21618E+03	 3.01496E+05
 4.21910E+03	 2.55880E+05
 4.22202E+03	 2.42751E+05
 4.22495E+03	 2.39315E+05
 4.22788E+03	 1.91972E+05
 4.23082E+03	 1.33312E+05
 4.23376E+03	 4.82990E+04
 4.23670E+03	 5.77080E+04
 4.23965E+03	 1.27881E+05
 4.24260E+03	 2.02148E+05
 4.24555E+03	 1.94849E+05
 4.24851E+03	 1.16966E+05
 4.25147E+03	 4.38420E+04
 4.25444E+03	 7.00655E+04
 4.25741E+03	 1.15167E+05
 4.26038E+03	 1.38485E+05
 4.26336E+03	 1.91032E+05
 4.26634E+03	 2.23565E+05
 4.26932E+03	 1.90401E+05
 4.27231E+03	 1.11691E+05
 4.27530E+03	 7.04008E+04
 4.27830E+03	 3.69795E+04
 4.28130E+03	 2.44310E+04
 4.28430E+03	 8.33230E+04
 4.28730E+03	 7.88125E+04
 4.29031E+03	 4.28010E+04
 4.29333E+03	 1.31358E+05
 4.29634E+03	 1.39240E+05
 4.29937E+03	 1.10347E+05
 4.30239E+03	 1.14930E+05
 4.30542E+03	 6.94582E+04
 4.30845E+03	 3.19340E+04
 4.31149E+03	 6.70702E+04
 4.31453E+03	 6.42350E+04
 4.31757E+03	 3.62430E+04
 4.32062E+03	 4.35952E+04
 4.32366E+03	 3.12090E+04
 4.32672E+03	 8.22572E+04
 4.32978E+03	 9.34055E+04
 4.33284E+03	 1.08715E+05
 4.33590E+03	 1.22104E+05
 4.33897E+03	 1.33500E+05
 4.34204E+03	 1.45614E+05
 4.34512E+03	 1.41308E+05
 4.34820E+03	 5.08032E+04
 4.35128E+03	 5.21425E+03
 4.35437E+03	 2.48798E+04
 4.35746E+03	 1.05735E+04
 4.36056E+03	 3.75500E+03
 4.36365E+03	 2.03012E+04
 4.36676E+03	 2.54962E+04
 4.36986E+03	 2.29640E+04
 4.37297E+03	 2.57538E+04
 4.37608E+03	 2.04965E+04
 4.37920E+03	 5.56188E+04
 4.38232E+03	 3.85900E+04
 4.38544E+03	 8.06048E+04
 4.38857E+03	 8.82970E+04
 4.39170E+03	 6.07422E+04
 4.39484E+03	 2.80948E+04
 4.39798E+03	 1.02495E+04
 4.40112E+03	 4.14282E+04
 4.40427E+03	 5.51225E+04
 4.40741E+03	 8.81930E+04
 4.41057E+03	 1.21805E+05
 4.41372E+03	 9.04688E+04
 4.41689E+03	 6.77040E+04
 4.42005E+03	 4.01602E+04
 4.42322E+03	 5.79075E+03
 4.42639E+03	 2.07072E+04
 4.42957E+03	 2.62145E+04
 4.43275E+03	 6.40065E+04
 4.43593E+03	 4.14592E+04
 4.43911E+03	 9.85425E+03
 4.44230E+03	 5.04312E+04
 4.44550E+03	 7.34712E+04
 4.44870E+03	 3.60140E+04
 4.45190E+03	 1.65292E+04
 4.45510E+03	 1.18802E+04
 4.45831E+03	 1.41250E+02
 4.46152E+03	 3.62000E+02
 4.46474E+03	 1.87725E+04
 4.46796E+03	 9.78950E+03
 4.47118E+03	 1.51585E+05
 4.47441E+03	 1.75798E+05
 4.47764E+03	 1.67648E+05
 4.48088E+03	 1.47007E+05
 4.48411E+03	 1.20813E+05
 4.48735E+03	 7.93172E+04
 4.49060E+03	 3.22352E+04
 4.49385E+03	 2.49938E+04
 4.49710E+03	 6.29012E+04
 4.50036E+03	 7.80815E+04
 4.50362E+03	 8.59030E+04
 4.50688E+03	 4.32455E+04
 4.51015E+03	 2.31678E+04
 4.51342E+03	 6.10150E+04
 4.51670E+03	 7.42185E+04
 4.51997E+03	 6.11655E+04
 4.52326E+03	 8.43275E+03
 4.52654E+03	 7.73225E+03
 4.52983E+03	 1.92600E+03
 4.53312E+03	 2.88528E+04
 4.53642E+03	 1.67055E+04
 4.53973E+03	 6.21045E+04
 4.54303E+03	 5.77800E+04
 4.54634E+03	 9.17600E+03
 4.54965E+03	 1.51920E+04
 4.55296E+03	 3.44648E+04
 4.55628E+03	 4.46532E+04
 4.55961E+03	 6.54545E+04
 4.56293E+03	 2.57520E+04
 4.56626E+03	 2.02580E+04
 4.56959E+03	 1.83142E+04
 4.57293E+03	 3.72702E+04
 4.57628E+03	 3.68740E+04
 4.57962E+03	 1.23100E+04
 4.58297E+03	 1.65510E+04
 4.58632E+03	 1.76182E+04
 4.58968E+03	 8.69165E+04
 4.59304E+03	 1.46227E+05
 4.59640E+03	 1.36124E+05
 4.59977E+03	 1.39896E+05
 4.60314E+03	 1.92815E+05
 4.60651E+03	 2.21211E+05
 4.60989E+03	 2.28672E+05
 4.61327E+03	 1.87097E+05
 4.61666E+03	 1.13415E+05
 4.62005E+03	 6.04862E+04
 4.62344E+03	 8.15935E+04
 4.62684E+03	 6.22720E+04
 4.63024E+03	 3.73512E+04
 4.63364E+03	 2.43405E+04
 4.63705E+03	 2.09848E+04
 4.64046E+03	 9.27150E+03
 4.64387E+03	 2.12992E+04
 4.64729E+03	 1.87080E+04
 4.65071E+03	 6.02132E+04
 4.65414E+03	 7.80890E+04
 4.65757E+03	 8.10530E+04
 4.66100E+03	 5.81775E+04
 4.66444E+03	 6.74105E+04
 4.66788E+03	 5.83832E+04
 4.67133E+03	 5.22492E+04
 4.67478E+03	 4.32522E+04
 4.67822E+03	 4.69835E+04
 4.68168E+03	 7.66522E+04
 4.68514E+03	 5.20365E+04
 4.68860E+03	 8.99060E+04
 4.69207E+03	 1.20770E+05
 4.69554E+03	 1.56164E+05
 4.69901E+03	 1.35548E+05
 4.70249E+03	 2.55898E+04
 4.70597E+03	 5.09810E+04
 4.70946E+03	 2.86328E+04
 4.71295E+03	 1.23305E+04
 4.71644E+03	 4.24022E+04
 4.71993E+03	 2.35548E+04
 4.72343E+03	 1.88365E+04
 4.72694E+03	 2.99340E+04
 4.73044E+03	 5.52325E+04
 4.73396E+03	 6.87608E+04
 4.73747E+03	 3.35735E+04
 4.74099E+03	 4.72340E+04
 4.74451E+03	 5.22170E+04
 4.74804E+03	 6.11012E+04
 4.75157E+03	 2.54420E+04
 4.75510E+03	 1.84832E+04
 4.75863E+03	 5.52415E+04
 4.76217E+03	 9.57155E+04
 4.76572E+03	 7.00740E+04
 4.76926E+03	 9.54220E+04
 4.77282E+03	 1.13756E+05
 4.77637E+03	 1.58530E+05
 4.77993E+03	 2.15000E+05
 4.78349E+03	 2.75531E+05
 4.78705E+03	 2.40893E+05
 4.79062E+03	 1.52824E+05
 4.79420E+03	 1.62270E+05
 4.79778E+03	 1.75354E+05
 4.80136E+03	 2.25119E+05
 4.80494E+03	 1.60457E+05
 4.80853E+03	 1.28204E+05
 4.81212E+03	 9.63045E+04
 4.81572E+03	 2.88115E+04
 4.81931E+03	 6.92042E+04
 4.82292E+03	 1.07647E+05
 4.82653E+03	 1.50507E+05
 4.83014E+03	 2.27482E+05
 4.83375E+03	 2.45578E+05
 4.83737E+03	 2.00993E+05
 4.84098E+03	 1.50002E+05
 4.84461E+03	 8.87932E+04
 4.84825E+03	 6.25662E+04
 4.85187E+03	 8.78750E+03
 4.85551E+03	 3.35250E+02
 4.85914E+03	 1.27720E+04
 4.86279E+03	 1.23435E+04
 4.86644E+03	 2.56490E+04
 4.87009E+03	 5.46850E+04
 4.87375E+03	 8.09610E+04
 4.87740E+03	 8.49995E+04
 4.88107E+03	 6.72350E+04
 4.88473E+03	 1.08500E+03
 4.88839E+03	 2.79500E+02
 4.89207E+03	 3.79450E+03
 4.89575E+03	 6.11445E+04
 4.89943E+03	 1.03901E+05
 4.90311E+03	 1.50277E+05
 4.90680E+03	 1.83193E+05
 4.91049E+03	 1.87712E+05
 4.91419E+03	 1.80014E+05
 4.91788E+03	 1.25328E+05
 4.92159E+03	 1.16263E+05
 4.92529E+03	 7.91568E+04
 4.92900E+03	 9.02862E+04
 4.93271E+03	 9.20138E+04
 4.93643E+03	 1.29890E+05
 4.94015E+03	 1.36565E+05
 4.94387E+03	 1.11558E+05
 4.94761E+03	 1.04653E+05
 4.95134E+03	 9.00955E+04
 4.95507E+03	 5.13305E+04
 4.95881E+03	 2.85762E+04
 4.96255E+03	 2.50475E+04
 4.96630E+03	 1.78335E+04
 4.97005E+03	 4.71818E+04
 4.97380E+03	 8.92775E+04
 4.97756E+03	 1.32081E+05
 4.98132E+03	 1.30064E+05
 4.98509E+03	 1.19392E+05
 4.98885E+03	 1.09062E+05
 4.99262E+03	 9.79158E+04
 4.99640E+03	 8.33140E+04
 5.00018E+03	 3.06175E+04
 5.00396E+03	 4.15750E+03
 5.00775E+03	 5.52360E+04
 5.01154E+03	 9.40300E+04
 5.01533E+03	 9.78080E+04
 5.01914E+03	 8.86098E+04
 5.02294E+03	 5.43495E+04
 5.02674E+03	 3.11818E+04
 5.03055E+03	 2.87228E+04
 5.03436E+03	 4.74462E+04
 5.03818E+03	 7.26015E+04
 5.04200E+03	 1.07051E+05
 5.04582E+03	 1.35163E+05
 5.04965E+03	 1.41372E+05
 5.05348E+03	 1.71252E+05
 5.05732E+03	 1.95553E+05
 5.06116E+03	 1.81192E+05
 5.06499E+03	 1.58935E+05
 5.06884E+03	 1.39790E+05
 5.07269E+03	 1.46296E+05
 5.07655E+03	 1.46242E+05
 5.08040E+03	 1.28303E+05
 5.08426E+03	 1.18515E+05
 5.08813E+03	 1.24640E+05
 5.09199E+03	 9.89250E+04
 5.09587E+03	 4.06728E+04
 5.09974E+03	 2.63808E+04
 5.10362E+03	 4.16422E+04
 5.10751E+03	 1.16330E+05
 5.11139E+03	 1.11884E+05
 5.11528E+03	 1.30732E+05
 5.11917E+03	 1.34585E+05
 5.12307E+03	 1.42160E+05
 5.12697E+03	 1.19442E+05
 5.13087E+03	 1.34684E+05
 5.13479E+03	 1.29302E+05
 5.13870E+03	 5.59255E+04
 5.14261E+03	 3.26335E+04
 5.14653E+03	 8.83825E+03
 5.15045E+03	 5.18300E+03
 5.15438E+03	 7.56550E+03
 5.15831E+03	 3.42128E+04
 5.16225E+03	 4.22165E+04
 5.16618E+03	 6.53652E+04
 5.17014E+03	 5.25965E+04
 5.17407E+03	 4.45692E+04
 5.17802E+03	 4.00650E+03
 5.18198E+03	 3.93890E+04
 5.18593E+03	 5.71998E+04
 5.18989E+03	 8.78725E+04
 5.19386E+03	 1.02350E+05
 5.19782E+03	 8.33848E+04
 5.20179E+03	 8.33600E+04
 5.20577E+03	 7.28538E+04
 5.20975E+03	 1.15454E+05
 5.21373E+03	 1.06689E+05
 5.21772E+03	 1.08056E+05
 5.22170E+03	 6.62265E+04
 5.22570E+03	 5.63572E+04
 5.22969E+03	 2.95408E+04
 5.23369E+03	 5.11375E+04
 5.23770E+03	 8.02165E+04
 5.24171E+03	 9.85215E+04
 5.24572E+03	 9.77995E+04
 5.24973E+03	 5.98350E+04
 5.25375E+03	 2.51268E+04
 5.25777E+03	 7.91300E+03
 5.26180E+03	 6.97050E+03
 5.26583E+03	 2.25348E+04
 5.26986E+03	 1.30880E+04
 5.27390E+03	 4.79900E+03
 5.27795E+03	 2.73402E+04
 5.28199E+03	 5.07892E+04
 5.28603E+03	 4.76125E+04
 5.29008E+03	 2.46675E+04
 5.29415E+03	 1.18210E+04
 5.29820E+03	 3.78835E+04
 5.30226E+03	 7.15205E+04
 5.30633E+03	 8.25728E+04
 5.31040E+03	 1.04272E+05
 5.31448E+03	 7.71302E+04
 5.31855E+03	 3.24480E+04
 5.32264E+03	 6.97500E+03
 5.32671E+03	 1.45512E+04
 5.33081E+03	 2.26480E+04
 5.33490E+03	 3.45115E+04
 5.33900E+03	 2.15818E+04
 5.34310E+03	 5.97290E+04
 5.34721E+03	 1.00401E+05
 5.35130E+03	 1.24923E+05
 5.35542E+03	 9.41288E+04
 5.35954E+03	 7.67490E+04
 5.36365E+03	 6.23125E+04
 5.36778E+03	 7.57690E+04
 5.37191E+03	 9.69848E+04
 5.37604E+03	 1.21182E+05
 5.38016E+03	 1.12011E+05
 5.38430E+03	 9.27010E+04
 5.38845E+03	 9.77178E+04
 5.39259E+03	 1.13990E+05
 5.39673E+03	 8.10925E+04
 5.40088E+03	 4.27245E+04
 5.40505E+03	 3.33720E+04
 5.40920E+03	 2.42362E+04
 5.41337E+03	 1.79200E+04
 5.41753E+03	 1.39450E+03
 5.42170E+03	 3.14392E+04
 5.42587E+03	 4.39098E+04
 5.43005E+03	 4.06168E+04
 5.43423E+03	 2.64265E+04
 5.43842E+03	 1.77008E+04
 5.44261E+03	 3.24625E+03
 5.44680E+03	 5.17765E+04
 5.45100E+03	 8.52692E+04
 5.45520E+03	 3.92688E+04
 5.45939E+03	 1.02378E+04
 5.46359E+03	 4.88278E+04
 5.46781E+03	 3.35910E+04
 5.47203E+03	 2.32850E+04
 5.47624E+03	 5.52562E+04
 5.48046E+03	 9.90458E+04
 5.48469E+03	 1.21050E+05
 5.48893E+03	 1.10688E+05
 5.49315E+03	 2.78698E+04
 5.49739E+03	 1.39028E+04
 5.50162E+03	 1.64058E+04
 5.50588E+03	 1.06988E+04
 5.51012E+03	 6.73550E+03
 5.51438E+03	 1.00300E+03
 5.51862E+03	 1.28810E+04
 5.52288E+03	 2.11000E+04
 5.52715E+03	 2.34635E+04
 5.53141E+03	 2.61288E+04
 5.53568E+03	 2.36120E+04
 5.53995E+03	 3.42058E+04
 5.54423E+03	 5.80825E+03
 5.54851E+03	 3.52128E+04
 5.55279E+03	 2.10895E+04
 5.55708E+03	 1.21278E+04
 5.56138E+03	 2.32768E+04
 5.56566E+03	 6.03790E+04
 5.56996E+03	 8.76330E+04
 5.57428E+03	 8.94110E+04
 5.57856E+03	 6.54808E+04
 5.58289E+03	 5.70562E+04
 5.58720E+03	 8.02860E+04
 5.59152E+03	 8.59385E+04
 5.59583E+03	 8.97350E+04
 5.60016E+03	 1.06847E+05
 5.60450E+03	 7.45905E+04
 5.60882E+03	 5.75390E+04
 5.61316E+03	 1.45448E+04
 5.61751E+03	 5.43185E+04
 5.62185E+03	 1.12108E+05
 5.62619E+03	 1.52605E+05
