 3.40099E+03	 1.75816E+06	 1.84715E+06
 3.40255E+03	 1.92172E+06	 1.84952E+06
 3.40411E+03	 2.02357E+06	 1.85192E+06
 3.40568E+03	 2.12742E+06	 1.85424E+06
 3.40724E+03	 2.13627E+06	 1.85651E+06
 3.40882E+03	 2.11342E+06	 1.85872E+06
 3.41039E+03	 2.04233E+06	 1.86090E+06
 3.41198E+03	 2.02828E+06	 1.86305E+06
 3.41356E+03	 2.03999E+06	 1.86517E+06
 3.41515E+03	 2.03294E+06	 1.86727E+06
 3.41674E+03	 2.02342E+06	 1.86936E+06
 3.41833E+03	 2.00030E+06	 1.87145E+06
 3.41993E+03	 2.06780E+06	 1.87354E+06
 3.42154E+03	 2.18441E+06	 1.87563E+06
 3.42314E+03	 2.23555E+06	 1.87775E+06
 3.42475E+03	 2.18967E+06	 1.87988E+06
 3.42637E+03	 2.13987E+06	 1.88204E+06
 3.42799E+03	 2.08883E+06	 1.88423E+06
 3.42961E+03	 2.05329E+06	 1.88647E+06
 3.43123E+03	 2.04191E+06	 1.88875E+06
 3.43286E+03	 2.02393E+06	 1.89110E+06
 3.43450E+03	 2.06103E+06	 1.89351E+06
 3.43613E+03	 2.09405E+06	 1.89599E+06
 3.43778E+03	 2.13550E+06	 1.89854E+06
 3.43942E+03	 2.15797E+06	 1.90119E+06
 3.44107E+03	 2.14664E+06	 1.90392E+06
 3.44272E+03	 2.12865E+06	 1.90675E+06
 3.44438E+03	 2.15876E+06	 1.90968E+06
 3.44604E+03	 2.18965E+06	 1.91272E+06
 3.44770E+03	 2.17856E+06	 1.91588E+06
 3.44937E+03	 2.11700E+06	 1.91916E+06
 3.45104E+03	 2.06838E+06	 1.92258E+06
 3.45272E+03	 2.00688E+06	 1.92613E+06
 3.45440E+03	 1.96867E+06	 1.92984E+06
 3.45608E+03	 1.98359E+06	 1.93369E+06
 3.45777E+03	 1.99790E+06	 1.93770E+06
 3.45946E+03	 2.04639E+06	 1.94187E+06
 3.46115E+03	 2.05055E+06	 1.94621E+06
 3.46285E+03	 2.03306E+06	 1.95072E+06
 3.46455E+03	 2.01200E+06	 1.95540E+06
 3.46626E+03	 2.00947E+06	 1.96026E+06
 3.46797E+03	 1.99723E+06	 1.96529E+06
 3.46968E+03	 2.05969E+06	 1.97049E+06
 3.47140E+03	 2.11284E+06	 1.97587E+06
 3.47312E+03	 2.15798E+06	 1.98142E+06
 3.47484E+03	 2.14171E+06	 1.98714E+06
 3.47657E+03	 2.14367E+06	 1.99303E+06
 3.47831E+03	 2.17122E+06	 1.99908E+06
 3.48004E+03	 2.23470E+06	 2.00530E+06
 3.48178E+03	 2.27797E+06	 2.01167E+06
 3.48352E+03	 2.29300E+06	 2.01820E+06
 3.48527E+03	 2.28356E+06	 2.02489E+06
 3.48702E+03	 2.28948E+06	 2.03172E+06
 3.48878E+03	 2.29077E+06	 2.03871E+06
 3.49054E+03	 2.31600E+06	 2.04584E+06
 3.49230E+03	 2.30432E+06	 2.05312E+06
 3.49407E+03	 2.30955E+06	 2.06053E+06
 3.49584E+03	 2.30329E+06	 2.06809E+06
 3.49761E+03	 2.32405E+06	 2.07578E+06
 3.49939E+03	 2.34539E+06	 2.08362E+06
 3.50117E+03	 2.30042E+06	 2.09158E+06
 3.50296E+03	 2.23485E+06	 2.09968E+06
 3.50475E+03	 2.19450E+06	 2.10792E+06
 3.50654E+03	 2.17319E+06	 2.11628E+06
 3.50834E+03	 2.19583E+06	 2.12477E+06
 3.51014E+03	 2.21207E+06	 2.13338E+06
 3.51195E+03	 2.23545E+06	 2.14212E+06
 3.51376E+03	 2.25484E+06	 2.15096E+06
 3.51557E+03	 2.25000E+06	 2.15992E+06
 3.51738E+03	 2.23722E+06	 2.16897E+06
 3.51921E+03	 2.25077E+06	 2.17812E+06
 3.52103E+03	 2.28593E+06	 2.18736E+06
 3.52286E+03	 2.33061E+06	 2.19667E+06
 3.52469E+03	 2.35563E+06	 2.20604E+06
 3.52652E+03	 2.33729E+06	 2.21547E+06
 3.52836E+03	 2.34383E+06	 2.22495E+06
 3.53021E+03	 2.37625E+06	 2.23445E+06
 3.53205E+03	 2.43089E+06	 2.24398E+06
 3.53390E+03	 2.50010E+06	 2.25351E+06
 3.53576E+03	 2.57191E+06	 2.26304E+06
 3.53762E+03	 2.62466E+06	 2.27255E+06
 3.53948E+03	 2.62358E+06	 2.28203E+06
 3.54134E+03	 2.58225E+06	 2.29146E+06
 3.54322E+03	 2.56734E+06	 2.30084E+06
 3.54509E+03	 2.63245E+06	 2.31014E+06
 3.54697E+03	 2.64500E+06	 2.31937E+06
 3.54885E+03	 2.67054E+06	 2.32851E+06
 3.55073E+03	 2.69998E+06	 2.33755E+06
 3.55262E+03	 2.78015E+06	 2.34647E+06
 3.55451E+03	 2.81760E+06	 2.35527E+06
 3.55641E+03	 2.83715E+06	 2.36394E+06
 3.55831E+03	 2.82811E+06	 2.37248E+06
 3.56021E+03	 2.85200E+06	 2.38086E+06
 3.56212E+03	 2.88039E+06	 2.38910E+06
 3.56403E+03	 2.94673E+06	 2.39717E+06
 3.56595E+03	 3.04668E+06	 2.40508E+06
 3.56787E+03	 3.03344E+06	 2.41283E+06
 3.56979E+03	 3.01480E+06	 2.42040E+06
 3.57172E+03	 2.98866E+06	 2.42779E+06
 3.57365E+03	 3.02346E+06	 2.43502E+06
 3.57558E+03	 3.02639E+06	 2.44206E+06
 3.57752E+03	 2.99992E+06	 2.44892E+06
 3.57946E+03	 2.96192E+06	 2.45560E+06
 3.58141E+03	 2.99427E+06	 2.46209E+06
 3.58336E+03	 3.06532E+06	 2.46841E+06
 3.58531E+03	 3.10959E+06	 2.47454E+06
 3.58727E+03	 3.13014E+06	 2.48050E+06
 3.58923E+03	 3.09984E+06	 2.48627E+06
 3.59119E+03	 3.14635E+06	 2.49187E+06
 3.59316E+03	 3.13148E+06	 2.49728E+06
 3.59514E+03	 3.09977E+06	 2.50253E+06
 3.59711E+03	 3.16763E+06	 2.50760E+06
 3.59909E+03	 3.23586E+06	 2.51250E+06
 3.60108E+03	 3.35238E+06	 2.51724E+06
 3.60306E+03	 3.37914E+06	 2.52181E+06
 3.60506E+03	 3.33919E+06	 2.52622E+06
 3.60705E+03	 3.37697E+06	 2.53047E+06
 3.60905E+03	 3.41184E+06	 2.53456E+06
 3.61105E+03	 3.49359E+06	 2.53851E+06
 3.61306E+03	 3.53443E+06	 2.54231E+06
 3.61507E+03	 3.53232E+06	 2.54597E+06
 3.61709E+03	 3.57271E+06	 2.54948E+06
 3.61910E+03	 3.60892E+06	 2.55287E+06
 3.62113E+03	 3.61470E+06	 2.55612E+06
 3.62315E+03	 3.72007E+06	 2.55924E+06
 3.62518E+03	 3.85019E+06	 2.56224E+06
 3.62721E+03	 3.87892E+06	 2.56512E+06
 3.62925E+03	 3.94505E+06	 2.56789E+06
 3.63129E+03	 3.96909E+06	 2.57055E+06
 3.63334E+03	 4.02324E+06	 2.57311E+06
 3.63539E+03	 4.31867E+06	 2.57556E+06
 3.63744E+03	 4.43607E+06	 2.57792E+06
 3.63950E+03	 4.43628E+06	 2.58019E+06
 3.64156E+03	 4.46844E+06	 2.58238E+06
 3.64362E+03	 4.43931E+06	 2.58448E+06
 3.64569E+03	 4.46219E+06	 2.58650E+06
 3.64776E+03	 4.39184E+06	 2.58845E+06
 3.64983E+03	 4.39978E+06	 2.59034E+06
 3.65191E+03	 4.38227E+06	 2.59216E+06
 3.65400E+03	 4.36745E+06	 2.59393E+06
 3.65608E+03	 4.35487E+06	 2.59564E+06
 3.65817E+03	 4.38436E+06	 2.59730E+06
 3.66027E+03	 4.36797E+06	 2.59892E+06
 3.66237E+03	 4.37594E+06	 2.60051E+06
 3.66447E+03	 4.33980E+06	 2.60206E+06
 3.66657E+03	 4.43208E+06	 2.60358E+06
 3.66868E+03	 4.41522E+06	 2.60508E+06
 3.67080E+03	 4.29798E+06	 2.60656E+06
 3.67292E+03	 4.17865E+06	 2.60803E+06
 3.67504E+03	 4.00699E+06	 2.60949E+06
 3.67716E+03	 3.87546E+06	 2.61096E+06
 3.67929E+03	 3.80446E+06	 2.61242E+06
 3.68142E+03	 3.74512E+06	 2.61389E+06
 3.68356E+03	 3.73274E+06	 2.61538E+06
 3.68570E+03	 3.70255E+06	 2.61688E+06
 3.68784E+03	 3.68220E+06	 2.61841E+06
 3.68999E+03	 3.68450E+06	 2.61998E+06
 3.69214E+03	 3.62916E+06	 2.62157E+06
 3.69430E+03	 3.53290E+06	 2.62321E+06
 3.69646E+03	 3.45200E+06	 2.62490E+06
 3.69862E+03	 3.40779E+06	 2.62664E+06
 3.70079E+03	 3.39491E+06	 2.62845E+06
 3.70296E+03	 3.34467E+06	 2.63031E+06
 3.70513E+03	 3.26333E+06	 2.63225E+06
 3.70731E+03	 3.21479E+06	 2.63427E+06
 3.70949E+03	 3.20144E+06	 2.63637E+06
 3.71168E+03	 3.18812E+06	 2.63856E+06
 3.71387E+03	 3.16951E+06	 2.64085E+06
 3.71606E+03	 3.04429E+06	 2.64325E+06
 3.71826E+03	 2.96543E+06	 2.64575E+06
 3.72046E+03	 2.94328E+06	 2.64837E+06
 3.72266E+03	 2.95224E+06	 2.65112E+06
 3.72487E+03	 2.94727E+06	 2.65399E+06
 3.72708E+03	 2.88799E+06	 2.65701E+06
 3.72930E+03	 2.83081E+06	 2.66017E+06
 3.73152E+03	 2.79928E+06	 2.66347E+06
 3.73374E+03	 2.76632E+06	 2.66694E+06
 3.73597E+03	 2.74034E+06	 2.67057E+06
 3.73820E+03	 2.72846E+06	 2.67436E+06
 3.74044E+03	 2.72421E+06	 2.67832E+06
 3.74268E+03	 2.72863E+06	 2.68246E+06
 3.74492E+03	 2.73338E+06	 2.68676E+06
 3.74717E+03	 2.70543E+06	 2.69124E+06
 3.74942E+03	 2.68816E+06	 2.69588E+06
 3.75167E+03	 2.61582E+06	 2.70069E+06
 3.75393E+03	 2.62954E+06	 2.70566E+06
 3.75619E+03	 2.67167E+06	 2.71078E+06
 3.75846E+03	 2.74107E+06	 2.71604E+06
 3.76073E+03	 2.82030E+06	 2.72143E+06
 3.76300E+03	 2.90518E+06	 2.72695E+06
 3.76528E+03	 2.91996E+06	 2.73257E+06
 3.76756E+03	 2.95378E+06	 2.73829E+06
 3.76985E+03	 3.05015E+06	 2.74409E+06
 3.77213E+03	 3.06375E+06	 2.74994E+06
 3.77443E+03	 3.08254E+06	 2.75585E+06
 3.77672E+03	 3.08792E+06	 2.76180E+06
 3.77902E+03	 3.04224E+06	 2.76776E+06
 3.78133E+03	 3.09091E+06	 2.77373E+06
 3.78363E+03	 3.14441E+06	 2.77968E+06
 3.78595E+03	 3.21374E+06	 2.78562E+06
 3.78826E+03	 3.27486E+06	 2.79151E+06
 3.79058E+03	 3.29405E+06	 2.79736E+06
 3.79290E+03	 3.28554E+06	 2.80314E+06
 3.79523E+03	 3.29477E+06	 2.80884E+06
 3.79756E+03	 3.28775E+06	 2.81445E+06
 3.79990E+03	 3.27865E+06	 2.81997E+06
 3.80223E+03	 3.30772E+06	 2.82538E+06
 3.80458E+03	 3.37051E+06	 2.83067E+06
 3.80692E+03	 3.42272E+06	 2.83584E+06
 3.80927E+03	 3.43417E+06	 2.84089E+06
 3.81162E+03	 3.42975E+06	 2.84579E+06
 3.81398E+03	 3.40354E+06	 2.85056E+06
 3.81634E+03	 3.45637E+06	 2.85518E+06
 3.81871E+03	 3.42615E+06	 2.85966E+06
 3.82108E+03	 3.46902E+06	 2.86398E+06
 3.82345E+03	 3.50838E+06	 2.86815E+06
 3.82582E+03	 3.51714E+06	 2.87215E+06
 3.82820E+03	 3.57054E+06	 2.87600E+06
 3.83059E+03	 3.61122E+06	 2.87969E+06
 3.83298E+03	 3.62691E+06	 2.88322E+06
 3.83537E+03	 3.65186E+06	 2.88659E+06
 3.83776E+03	 3.68017E+06	 2.88979E+06
 3.84016E+03	 3.71932E+06	 2.89284E+06
 3.84257E+03	 3.74940E+06	 2.89572E+06
 3.84497E+03	 3.76162E+06	 2.89844E+06
 3.84738E+03	 3.76383E+06	 2.90100E+06
 3.84980E+03	 3.73663E+06	 2.90341E+06
 3.85221E+03	 3.70364E+06	 2.90566E+06
 3.85464E+03	 3.61020E+06	 2.90776E+06
 3.85706E+03	 3.60410E+06	 2.90971E+06
 3.85949E+03	 3.64114E+06	 2.91150E+06
 3.86193E+03	 3.72043E+06	 2.91315E+06
 3.86436E+03	 3.79647E+06	 2.91466E+06
 3.86680E+03	 3.79922E+06	 2.91603E+06
 3.86925E+03	 3.77156E+06	 2.91726E+06
 3.87170E+03	 3.80623E+06	 2.91835E+06
 3.87415E+03	 3.91961E+06	 2.91931E+06
 3.87661E+03	 4.00174E+06	 2.92015E+06
 3.87907E+03	 4.02382E+06	 2.92085E+06
 3.88153E+03	 4.08868E+06	 2.92144E+06
 3.88400E+03	 4.17690E+06	 2.92191E+06
 3.88647E+03	 4.24277E+06	 2.92226E+06
 3.88894E+03	 4.31556E+06	 2.92250E+06
 3.89142E+03	 4.32117E+06	 2.92264E+06
 3.89391E+03	 4.43856E+06	 2.92267E+06
 3.89639E+03	 4.48184E+06	 2.92259E+06
 3.89888E+03	 4.48759E+06	 2.92243E+06
 3.90138E+03	 4.42970E+06	 2.92216E+06
 3.90388E+03	 4.39636E+06	 2.92181E+06
 3.90638E+03	 4.32295E+06	 2.92137E+06
 3.90888E+03	 4.27165E+06	 2.92084E+06
 3.91139E+03	 4.23266E+06	 2.92024E+06
 3.91391E+03	 4.15182E+06	 2.91955E+06
 3.91642E+03	 4.05512E+06	 2.91880E+06
 3.91894E+03	 4.01734E+06	 2.91797E+06
 3.92147E+03	 3.99725E+06	 2.91708E+06
 3.92400E+03	 4.00506E+06	 2.91612E+06
 3.92653E+03	 4.04724E+06	 2.91510E+06
 3.92907E+03	 4.03259E+06	 2.91402E+06
 3.93161E+03	 4.01900E+06	 2.91289E+06
 3.93415E+03	 3.93439E+06	 2.91171E+06
 3.93670E+03	 3.88297E+06	 2.91048E+06
 3.93925E+03	 3.78617E+06	 2.90920E+06
 3.94181E+03	 3.70272E+06	 2.90787E+06
 3.94436E+03	 3.61860E+06	 2.90651E+06
 3.94693E+03	 3.57754E+06	 2.90511E+06
 3.94949E+03	 3.55164E+06	 2.90367E+06
 3.95206E+03	 3.58526E+06	 2.90221E+06
 3.95464E+03	 3.60114E+06	 2.90071E+06
 3.95722E+03	 3.54710E+06	 2.89918E+06
 3.95980E+03	 3.52531E+06	 2.89763E+06
 3.96238E+03	 3.47597E+06	 2.89606E+06
 3.96497E+03	 3.53973E+06	 2.89446E+06
 3.96757E+03	 3.53865E+06	 2.89285E+06
 3.97016E+03	 3.47555E+06	 2.89123E+06
 3.97277E+03	 3.45681E+06	 2.88959E+06
 3.97537E+03	 3.42548E+06	 2.88794E+06
 3.97798E+03	 3.38510E+06	 2.88628E+06
 3.98059E+03	 3.40054E+06	 2.88461E+06
 3.98321E+03	 3.41513E+06	 2.88294E+06
 3.98583E+03	 3.40407E+06	 2.88127E+06
 3.98845E+03	 3.40481E+06	 2.87960E+06
 3.99108E+03	 3.42502E+06	 2.87792E+06
 3.99371E+03	 3.39042E+06	 2.87626E+06
 3.99635E+03	 3.34152E+06	 2.87460E+06
 3.99899E+03	 3.31384E+06	 2.87295E+06
 4.00163E+03	 3.26066E+06	 2.87130E+06
 4.00427E+03	 3.20448E+06	 2.86967E+06
 4.00693E+03	 3.18500E+06	 2.86806E+06
 4.00958E+03	 3.18147E+06	 2.86646E+06
 4.01224E+03	 3.15299E+06	 2.86488E+06
 4.01490E+03	 3.08969E+06	 2.86332E+06
 4.01757E+03	 3.01110E+06	 2.86179E+06
 4.02024E+03	 3.05111E+06	 2.86028E+06
 4.02291E+03	 3.08131E+06	 2.85879E+06
 4.02559E+03	 3.13752E+06	 2.85732E+06
 4.02827E+03	 3.09180E+06	 2.85588E+06
 4.03095E+03	 3.05545E+06	 2.85447E+06
 4.03364E+03	 3.08645E+06	 2.85307E+06
 4.03633E+03	 3.12184E+06	 2.85170E+06
 4.03903E+03	 3.11574E+06	 2.85035E+06
 4.04173E+03	 3.08713E+06	 2.84901E+06
 4.04443E+03	 3.12162E+06	 2.84769E+06
 4.04714E+03	 3.18403E+06	 2.84637E+06
 4.04985E+03	 3.12999E+06	 2.84507E+06
 4.05257E+03	 3.07424E+06	 2.84377E+06
 4.05529E+03	 3.05639E+06	 2.84247E+06
 4.05801E+03	 3.04833E+06	 2.84117E+06
 4.06074E+03	 3.09281E+06	 2.83986E+06
 4.06347E+03	 3.07964E+06	 2.83855E+06
 4.06620E+03	 3.12136E+06	 2.83722E+06
 4.06894E+03	 3.19075E+06	 2.83586E+06
 4.07168E+03	 3.24424E+06	 2.83449E+06
 4.07443E+03	 3.27068E+06	 2.83308E+06
 4.07718E+03	 3.29102E+06	 2.83163E+06
 4.07993E+03	 3.27729E+06	 2.83015E+06
 4.08269E+03	 3.26853E+06	 2.82862E+06
 4.08545E+03	 3.22872E+06	 2.82705E+06
 4.08821E+03	 3.18471E+06	 2.82543E+06
 4.09098E+03	 3.10844E+06	 2.82376E+06
 4.09375E+03	 3.03877E+06	 2.82204E+06
 4.09653E+03	 3.01449E+06	 2.82027E+06
 4.09931E+03	 3.03097E+06	 2.81845E+06
 4.10209E+03	 3.04496E+06	 2.81657E+06
 4.10488E+03	 3.08880E+06	 2.81464E+06
 4.10767E+03	 3.11896E+06	 2.81264E+06
 4.11047E+03	 3.18095E+06	 2.81058E+06
 4.11327E+03	 3.24642E+06	 2.80845E+06
 4.11607E+03	 3.20796E+06	 2.80625E+06
 4.11888E+03	 3.13230E+06	 2.80397E+06
 4.12169E+03	 3.12112E+06	 2.80162E+06
 4.12450E+03	 3.02509E+06	 2.79919E+06
 4.12732E+03	 2.97353E+06	 2.79669E+06
 4.13014E+03	 3.07051E+06	 2.79410E+06
 4.13297E+03	 3.06950E+06	 2.79143E+06
 4.13580E+03	 3.07326E+06	 2.78867E+06
 4.13863E+03	 3.12602E+06	 2.78582E+06
 4.14147E+03	 3.18129E+06	 2.78287E+06
 4.14431E+03	 3.19242E+06	 2.77983E+06
 4.14715E+03	 3.15119E+06	 2.77669E+06
 4.15000E+03	 3.15214E+06	 2.77345E+06
 4.15285E+03	 3.11192E+06	 2.77010E+06
 4.15571E+03	 3.06797E+06	 2.76665E+06
 4.15857E+03	 2.98084E+06	 2.76310E+06
 4.16143E+03	 2.94930E+06	 2.75944E+06
 4.16430E+03	 2.97150E+06	 2.75567E+06
 4.16717E+03	 3.00281E+06	 2.75179E+06
 4.17005E+03	 3.10190E+06	 2.74779E+06
 4.17293E+03	 3.16303E+06	 2.74368E+06
 4.17581E+03	 3.14059E+06	 2.73945E+06
 4.17870E+03	 3.11882E+06	 2.73510E+06
 4.18159E+03	 3.09755E+06	 2.73063E+06
 4.18448E+03	 3.11098E+06	 2.72603E+06
 4.18738E+03	 3.09459E+06	 2.72132E+06
 4.19028E+03	 3.07835E+06	 2.71647E+06
 4.19319E+03	 3.06314E+06	 2.71151E+06
 4.19609E+03	 3.02421E+06	 2.70642E+06
 4.19901E+03	 3.01403E+06	 2.70121E+06
 4.20193E+03	 3.01779E+06	 2.69587E+06
 4.20485E+03	 3.06326E+06	 2.69042E+06
 4.20777E+03	 3.10248E+06	 2.68484E+06
 4.21070E+03	 3.11446E+06	 2.67915E+06
 4.21363E+03	 3.12154E+06	 2.67334E+06
 4.21657E+03	 3.13366E+06	 2.66742E+06
 4.21951E+03	 3.13702E+06	 2.66139E+06
 4.22245E+03	 3.10941E+06	 2.65526E+06
 4.22540E+03	 3.08444E+06	 2.64902E+06
 4.22835E+03	 3.05347E+06	 2.64269E+06
 4.23131E+03	 2.99189E+06	 2.63628E+06
 4.23427E+03	 2.92659E+06	 2.62979E+06
 4.23723E+03	 2.87415E+06	 2.62323E+06
 4.24019E+03	 2.86392E+06	 2.61660E+06
 4.24317E+03	 2.85717E+06	 2.60993E+06
 4.24614E+03	 2.84936E+06	 2.60320E+06
 4.24912E+03	 2.79177E+06	 2.59644E+06
 4.25210E+03	 2.78579E+06	 2.58965E+06
 4.25508E+03	 2.79829E+06	 2.58283E+06
 4.25807E+03	 2.73732E+06	 2.57600E+06
 4.26107E+03	 2.71235E+06	 2.56915E+06
 4.26406E+03	 2.72641E+06	 2.56229E+06
 4.26707E+03	 2.76975E+06	 2.55544E+06
 4.27007E+03	 2.77500E+06	 2.54858E+06
 4.27308E+03	 2.78090E+06	 2.54173E+06
 4.27609E+03	 2.73603E+06	 2.53490E+06
 4.27911E+03	 2.72914E+06	 2.52807E+06
 4.28213E+03	 2.72252E+06	 2.52126E+06
 4.28515E+03	 2.71061E+06	 2.51447E+06
 4.28818E+03	 2.73575E+06	 2.50770E+06
 4.29121E+03	 2.78335E+06	 2.50095E+06
 4.29425E+03	 2.82113E+06	 2.49422E+06
 4.29729E+03	 2.82639E+06	 2.48752E+06
 4.30033E+03	 2.76899E+06	 2.48085E+06
 4.30337E+03	 2.72346E+06	 2.47420E+06
 4.30642E+03	 2.69418E+06	 2.46759E+06
 4.30948E+03	 2.71667E+06	 2.46101E+06
 4.31254E+03	 2.69671E+06	 2.45446E+06
 4.31560E+03	 2.66071E+06	 2.44795E+06
 4.31866E+03	 2.63693E+06	 2.44148E+06
 4.32173E+03	 2.70456E+06	 2.43505E+06
 4.32481E+03	 2.70833E+06	 2.42866E+06
 4.32788E+03	 2.70616E+06	 2.42231E+06
 4.33096E+03	 2.70004E+06	 2.41601E+06
 4.33405E+03	 2.68474E+06	 2.40975E+06
 4.33714E+03	 2.64457E+06	 2.40353E+06
 4.34023E+03	 2.57779E+06	 2.39736E+06
 4.34333E+03	 2.52762E+06	 2.39124E+06
 4.34643E+03	 2.49511E+06	 2.38516E+06
 4.34953E+03	 2.49449E+06	 2.37914E+06
 4.35264E+03	 2.52172E+06	 2.37316E+06
 4.35575E+03	 2.58986E+06	 2.36723E+06
 4.35886E+03	 2.61012E+06	 2.36134E+06
 4.36198E+03	 2.59856E+06	 2.35550E+06
 4.36511E+03	 2.60034E+06	 2.34969E+06
 4.36823E+03	 2.60676E+06	 2.34393E+06
 4.37136E+03	 2.60492E+06	 2.33819E+06
 4.37450E+03	 2.60601E+06	 2.33250E+06
 4.37763E+03	 2.59195E+06	 2.32683E+06
 4.38078E+03	 2.57382E+06	 2.32119E+06
 4.38392E+03	 2.56306E+06	 2.31557E+06
 4.38707E+03	 2.56669E+06	 2.30998E+06
 4.39023E+03	 2.58262E+06	 2.30441E+06
 4.39338E+03	 2.57197E+06	 2.29886E+06
 4.39654E+03	 2.52718E+06	 2.29333E+06
 4.39971E+03	 2.50775E+06	 2.28782E+06
 4.40288E+03	 2.51467E+06	 2.28232E+06
 4.40605E+03	 2.51103E+06	 2.27683E+06
 4.40923E+03	 2.51182E+06	 2.27135E+06
 4.41241E+03	 2.54756E+06	 2.26587E+06
 4.41559E+03	 2.54685E+06	 2.26040E+06
 4.41878E+03	 2.55270E+06	 2.25494E+06
 4.42197E+03	 2.58418E+06	 2.24947E+06
 4.42516E+03	 2.55560E+06	 2.24400E+06
 4.42836E+03	 2.52204E+06	 2.23853E+06
 4.43156E+03	 2.52902E+06	 2.23305E+06
 4.43477E+03	 2.53965E+06	 2.22757E+06
 4.43798E+03	 2.55067E+06	 2.22209E+06
 4.44120E+03	 2.56240E+06	 2.21659E+06
 4.44441E+03	 2.57178E+06	 2.21110E+06
 4.44763E+03	 2.58841E+06	 2.20560E+06
 4.45086E+03	 2.52030E+06	 2.20009E+06
 4.45409E+03	 2.44577E+06	 2.19459E+06
 4.45733E+03	 2.41199E+06	 2.18909E+06
 4.46056E+03	 2.42701E+06	 2.18359E+06
 4.46380E+03	 2.45103E+06	 2.17810E+06
 4.46705E+03	 2.44519E+06	 2.17262E+06
 4.47030E+03	 2.40091E+06	 2.16715E+06
 4.47355E+03	 2.38708E+06	 2.16170E+06
 4.47680E+03	 2.33261E+06	 2.15626E+06
 4.48006E+03	 2.28928E+06	 2.15084E+06
 4.48333E+03	 2.27733E+06	 2.14545E+06
 4.48660E+03	 2.26853E+06	 2.14008E+06
 4.48987E+03	 2.28342E+06	 2.13475E+06
 4.49314E+03	 2.29698E+06	 2.12943E+06
 4.49642E+03	 2.32249E+06	 2.12415E+06
 4.49970E+03	 2.33559E+06	 2.11889E+06
 4.50299E+03	 2.31110E+06	 2.11366E+06
 4.50628E+03	 2.27606E+06	 2.10846E+06
 4.50958E+03	 2.25514E+06	 2.10329E+06
 4.51287E+03	 2.24517E+06	 2.09814E+06
 4.51617E+03	 2.24446E+06	 2.09302E+06
 4.51948E+03	 2.24334E+06	 2.08793E+06
 4.52279E+03	 2.25270E+06	 2.08285E+06
 4.52610E+03	 2.27322E+06	 2.07780E+06
 4.52942E+03	 2.28104E+06	 2.07277E+06
 4.53274E+03	 2.28187E+06	 2.06775E+06
 4.53606E+03	 2.29538E+06	 2.06274E+06
 4.53939E+03	 2.30372E+06	 2.05774E+06
 4.54273E+03	 2.35327E+06	 2.05275E+06
 4.54606E+03	 2.36547E+06	 2.04776E+06
 4.54940E+03	 2.34609E+06	 2.04278E+06
 4.55275E+03	 2.32406E+06	 2.03779E+06
 4.55609E+03	 2.31477E+06	 2.03280E+06
 4.55944E+03	 2.29305E+06	 2.02781E+06
 4.56280E+03	 2.28878E+06	 2.02281E+06
 4.56616E+03	 2.26834E+06	 2.01781E+06
 4.56952E+03	 2.28750E+06	 2.01280E+06
 4.57288E+03	 2.26838E+06	 2.00779E+06
 4.57626E+03	 2.27539E+06	 2.00277E+06
 4.57963E+03	 2.24465E+06	 1.99775E+06
 4.58301E+03	 2.23680E+06	 1.99272E+06
 4.58639E+03	 2.25094E+06	 1.98769E+06
 4.58978E+03	 2.25557E+06	 1.98266E+06
 4.59317E+03	 2.23698E+06	 1.97762E+06
 4.59656E+03	 2.20089E+06	 1.97258E+06
 4.59996E+03	 2.15100E+06	 1.96755E+06
 4.60336E+03	 2.09827E+06	 1.96251E+06
 4.60676E+03	 2.04173E+06	 1.95748E+06
 4.61017E+03	 2.00749E+06	 1.95246E+06
 4.61359E+03	 2.01652E+06	 1.94743E+06
 4.61700E+03	 2.03708E+06	 1.94242E+06
 4.62042E+03	 2.05343E+06	 1.93740E+06
 4.62384E+03	 2.06299E+06	 1.93239E+06
 4.62727E+03	 2.06531E+06	 1.92738E+06
 4.63070E+03	 2.06229E+06	 1.92236E+06
 4.63414E+03	 2.08906E+06	 1.91734E+06
 4.63758E+03	 2.12265E+06	 1.91230E+06
 4.64102E+03	 2.12172E+06	 1.90726E+06
 4.64446E+03	 2.10238E+06	 1.90219E+06
 4.64792E+03	 2.07955E+06	 1.89710E+06
 4.65137E+03	 2.11350E+06	 1.89199E+06
 4.65483E+03	 2.11140E+06	 1.88685E+06
 4.65829E+03	 2.12985E+06	 1.88167E+06
 4.66176E+03	 2.15510E+06	 1.87646E+06
 4.66523E+03	 2.16431E+06	 1.87121E+06
 4.66870E+03	 2.16288E+06	 1.86591E+06
 4.67218E+03	 2.15809E+06	 1.86057E+06
 4.67565E+03	 2.16181E+06	 1.85518E+06
 4.67914E+03	 2.10668E+06	 1.84974E+06
 4.68263E+03	 2.08724E+06	 1.84425E+06
 4.68612E+03	 2.07471E+06	 1.83871E+06
 4.68962E+03	 2.09865E+06	 1.83312E+06
 4.69312E+03	 2.10244E+06	 1.82747E+06
 4.69662E+03	 2.10310E+06	 1.82177E+06
 4.70013E+03	 2.08298E+06	 1.81602E+06
 4.70364E+03	 2.04441E+06	 1.81022E+06
 4.70716E+03	 2.03987E+06	 1.80436E+06
 4.71067E+03	 2.03900E+06	 1.79846E+06
 4.71420E+03	 2.03189E+06	 1.79250E+06
 4.71772E+03	 2.00105E+06	 1.78650E+06
 4.72125E+03	 1.98990E+06	 1.78045E+06
 4.72479E+03	 1.96589E+06	 1.77436E+06
 4.72832E+03	 1.95934E+06	 1.76823E+06
 4.73187E+03	 1.97111E+06	 1.76206E+06
 4.73541E+03	 1.96527E+06	 1.75586E+06
 4.73897E+03	 1.93772E+06	 1.74961E+06
 4.74252E+03	 1.90015E+06	 1.74334E+06
 4.74607E+03	 1.87776E+06	 1.73703E+06
 4.74963E+03	 1.86801E+06	 1.73069E+06
 4.75320E+03	 1.87941E+06	 1.72433E+06
 4.75676E+03	 1.92142E+06	 1.71794E+06
 4.76034E+03	 1.91677E+06	 1.71152E+06
 4.76392E+03	 1.90975E+06	 1.70509E+06
 4.76749E+03	 1.90144E+06	 1.69863E+06
 4.77108E+03	 1.89705E+06	 1.69214E+06
 4.77466E+03	 1.90168E+06	 1.68565E+06
 4.77826E+03	 1.91026E+06	 1.67913E+06
 4.78185E+03	 1.90107E+06	 1.67260E+06
 4.78545E+03	 1.87189E+06	 1.66605E+06
 4.78905E+03	 1.82995E+06	 1.65949E+06
 4.79267E+03	 1.81369E+06	 1.65293E+06
 4.79627E+03	 1.78428E+06	 1.64636E+06
 4.79988E+03	 1.77305E+06	 1.63978E+06
 4.80350E+03	 1.75521E+06	 1.63321E+06
 4.80713E+03	 1.79183E+06	 1.62663E+06
 4.81075E+03	 1.79292E+06	 1.62005E+06
 4.81438E+03	 1.79426E+06	 1.61348E+06
 4.81801E+03	 1.80391E+06	 1.60691E+06
 4.82164E+03	 1.79068E+06	 1.60035E+06
 4.82529E+03	 1.79884E+06	 1.59379E+06
 4.82893E+03	 1.80861E+06	 1.58724E+06
 4.83258E+03	 1.80655E+06	 1.58071E+06
 4.83624E+03	 1.81774E+06	 1.57418E+06
 4.83989E+03	 1.81020E+06	 1.56767E+06
 4.84355E+03	 1.79647E+06	 1.56118E+06
 4.84722E+03	 1.78376E+06	 1.55471E+06
 4.85088E+03	 1.76682E+06	 1.54827E+06
 4.85455E+03	 1.74711E+06	 1.54185E+06
 4.85823E+03	 1.71536E+06	 1.53546E+06
 4.86191E+03	 1.68586E+06	 1.52911E+06
 4.86559E+03	 1.66090E+06	 1.52280E+06
 4.86928E+03	 1.62875E+06	 1.51653E+06
 4.87297E+03	 1.59385E+06	 1.51031E+06
 4.87667E+03	 1.57587E+06	 1.50414E+06
 4.88036E+03	 1.56918E+06	 1.49803E+06
 4.88406E+03	 1.55179E+06	 1.49198E+06
 4.88777E+03	 1.53392E+06	 1.48598E+06
 4.89148E+03	 1.50955E+06	 1.48005E+06
 4.89519E+03	 1.50189E+06	 1.47418E+06
 4.89890E+03	 1.50845E+06	 1.46837E+06
 4.90263E+03	 1.51755E+06	 1.46262E+06
 4.90635E+03	 1.54776E+06	 1.45694E+06
 4.91008E+03	 1.56363E+06	 1.45132E+06
 4.91381E+03	 1.57538E+06	 1.44575E+06
 4.91755E+03	 1.56029E+06	 1.44025E+06
 4.92129E+03	 1.54472E+06	 1.43480E+06
 4.92503E+03	 1.55363E+06	 1.42940E+06
 4.92878E+03	 1.53266E+06	 1.42405E+06
 4.93253E+03	 1.52986E+06	 1.41875E+06
 4.93629E+03	 1.53164E+06	 1.41349E+06
 4.94005E+03	 1.54938E+06	 1.40827E+06
 4.94381E+03	 1.57612E+06	 1.40309E+06
 4.94757E+03	 1.58115E+06	 1.39795E+06
 4.95134E+03	 1.57409E+06	 1.39283E+06
 4.95512E+03	 1.57221E+06	 1.38774E+06
 4.95889E+03	 1.57279E+06	 1.38268E+06
 4.96268E+03	 1.56162E+06	 1.37764E+06
 4.96646E+03	 1.54009E+06	 1.37261E+06
 4.97025E+03	 1.55296E+06	 1.36761E+06
 4.97404E+03	 1.53692E+06	 1.36261E+06
 4.97784E+03	 1.53827E+06	 1.35763E+06
 4.98164E+03	 1.51094E+06	 1.35265E+06
 4.98545E+03	 1.51023E+06	 1.34769E+06
 4.98925E+03	 1.52043E+06	 1.34272E+06
 4.99307E+03	 1.51849E+06	 1.33776E+06
 4.99688E+03	 1.50687E+06	 1.33281E+06
 5.00070E+03	 1.49096E+06	 1.32785E+06
 5.00453E+03	 1.48280E+06	 1.32289E+06
 5.00836E+03	 1.47429E+06	 1.31793E+06
 5.01219E+03	 1.45458E+06	 1.31296E+06
 5.01602E+03	 1.44889E+06	 1.30799E+06
 5.01986E+03	 1.45579E+06	 1.30301E+06
 5.02370E+03	 1.45786E+06	 1.29802E+06
 5.02755E+03	 1.46388E+06	 1.29303E+06
 5.03139E+03	 1.48574E+06	 1.28803E+06
 5.03525E+03	 1.45645E+06	 1.28301E+06
 5.03912E+03	 1.39006E+06	 1.27798E+06
 5.04297E+03	 1.35892E+06	 1.27295E+06
 5.04684E+03	 1.34907E+06	 1.26790E+06
 5.05071E+03	 1.37746E+06	 1.26283E+06
 5.05458E+03	 1.38788E+06	 1.25775E+06
 5.05846E+03	 1.36560E+06	 1.25266E+06
 5.06234E+03	 1.35307E+06	 1.24755E+06
 5.06622E+03	 1.35775E+06	 1.24242E+06
 5.07011E+03	 1.37797E+06	 1.23727E+06
 5.07400E+03	 1.38615E+06	 1.23210E+06
 5.07789E+03	 1.38663E+06	 1.22690E+06
 5.08180E+03	 1.40825E+06	 1.22168E+06
 5.08570E+03	 1.38569E+06	 1.21644E+06
 5.08961E+03	 1.37480E+06	 1.21116E+06
 5.09352E+03	 1.35451E+06	 1.20586E+06
 5.09744E+03	 1.33838E+06	 1.20053E+06
 5.10136E+03	 1.34441E+06	 1.19516E+06
 5.10527E+03	 1.35815E+06	 1.18977E+06
 5.10920E+03	 1.37539E+06	 1.18434E+06
 5.11314E+03	 1.36483E+06	 1.17888E+06
 5.11707E+03	 1.35971E+06	 1.17339E+06
 5.12101E+03	 1.35021E+06	 1.16787E+06
 5.12495E+03	 1.34223E+06	 1.16232E+06
 5.12889E+03	 1.33158E+06	 1.15673E+06
 5.13284E+03	 1.32442E+06	 1.15111E+06
 5.13680E+03	 1.32272E+06	 1.14547E+06
 5.14075E+03	 1.31805E+06	 1.13980E+06
 5.14471E+03	 1.27984E+06	 1.13410E+06
 5.14868E+03	 1.26070E+06	 1.12838E+06
 5.15264E+03	 1.24858E+06	 1.12264E+06
 5.15662E+03	 1.24287E+06	 1.11688E+06
 5.16059E+03	 1.23385E+06	 1.11110E+06
 5.16458E+03	 1.21985E+06	 1.10531E+06
 5.16856E+03	 1.22108E+06	 1.09951E+06
 5.17255E+03	 1.22352E+06	 1.09369E+06
 5.17654E+03	 1.21878E+06	 1.08787E+06
 5.18053E+03	 1.21324E+06	 1.08205E+06
 5.18453E+03	 1.20384E+06	 1.07622E+06
 5.18853E+03	 1.20753E+06	 1.07038E+06
 5.19254E+03	 1.18827E+06	 1.06455E+06
 5.19655E+03	 1.16805E+06	 1.05873E+06
 5.20056E+03	 1.15172E+06	 1.05291E+06
 5.20459E+03	 1.11562E+06	 1.04710E+06
 5.20861E+03	 1.08615E+06	 1.04130E+06
 5.21263E+03	 1.06238E+06	 1.03552E+06
 5.21666E+03	 1.03501E+06	 1.02975E+06
 5.22069E+03	 1.06784E+06	 1.02400E+06
 5.22473E+03	 1.09448E+06	 1.01827E+06
 5.22877E+03	 1.11545E+06	 1.01255E+06
 5.23281E+03	 1.12959E+06	 1.00686E+06
 5.23686E+03	 1.12292E+06	 1.00118E+06
 5.24092E+03	 1.11196E+06	 9.95525E+05
 5.24497E+03	 1.13509E+06	 9.89888E+05
 5.24903E+03	 1.11778E+06	 9.84272E+05
 5.25309E+03	 1.10444E+06	 9.78677E+05
 5.25716E+03	 1.09261E+06	 9.73105E+05
 5.26124E+03	 1.08291E+06	 9.67554E+05
 5.26531E+03	 1.07166E+06	 9.62027E+05
 5.26939E+03	 1.05608E+06	 9.56525E+05
 5.27347E+03	 1.05917E+06	 9.51049E+05
 5.27755E+03	 1.05503E+06	 9.45599E+05
 5.28164E+03	 1.06118E+06	 9.40176E+05
 5.28573E+03	 1.06168E+06	 9.34783E+05
 5.28984E+03	 1.05392E+06	 9.29418E+05
 5.29393E+03	 1.04056E+06	 9.24085E+05
 5.29804E+03	 1.01922E+06	 9.18785E+05
 5.30215E+03	 9.87458E+05	 9.13518E+05
 5.30627E+03	 9.65596E+05	 9.08286E+05
 5.31039E+03	 9.70331E+05	 9.03091E+05
 5.31450E+03	 9.82070E+05	 8.97934E+05
 5.31862E+03	 9.98303E+05	 8.92815E+05
 5.32275E+03	 9.73505E+05	 8.87735E+05
 5.32689E+03	 9.54332E+05	 8.82695E+05
 5.33102E+03	 9.40928E+05	 8.77698E+05
 5.33516E+03	 9.29234E+05	 8.72740E+05
 5.33931E+03	 9.28613E+05	 8.67826E+05
 5.34345E+03	 9.08669E+05	 8.62954E+05
 5.34762E+03	 8.99548E+05	 8.58125E+05
 5.35177E+03	 8.86586E+05	 8.53338E+05
 5.35592E+03	 8.74003E+05	 8.48596E+05
 5.36008E+03	 8.66814E+05	 8.43892E+05
 5.36425E+03	 8.60496E+05	 8.39230E+05
 5.36841E+03	 8.59402E+05	 8.34607E+05
 5.37259E+03	 8.71321E+05	 8.30021E+05
 5.37677E+03	 8.75661E+05	 8.25470E+05
 5.38095E+03	 8.98930E+05	 8.20953E+05
 5.38513E+03	 9.13842E+05	 8.16465E+05
 5.38933E+03	 9.21642E+05	 8.12005E+05
 5.39352E+03	 9.15192E+05	 8.07570E+05
 5.39771E+03	 9.09990E+05	 8.03158E+05
 5.40191E+03	 9.16060E+05	 7.98765E+05
 5.40612E+03	 9.27616E+05	 7.94391E+05
 5.41032E+03	 9.31656E+05	 7.90031E+05
 5.41454E+03	 9.14239E+05	 7.85686E+05
 5.41876E+03	 9.14236E+05	 7.81352E+05
 5.42297E+03	 8.99306E+05	 7.77030E+05
 5.42720E+03	 8.88033E+05	 7.72716E+05
 5.43143E+03	 8.68672E+05	 7.68411E+05
 5.43566E+03	 8.66155E+05	 7.64113E+05
 5.43990E+03	 8.78537E+05	 7.59822E+05
 5.44412E+03	 8.87240E+05	 7.55537E+05
 5.44838E+03	 8.83748E+05	 7.51257E+05
 5.45262E+03	 8.77215E+05	 7.46983E+05
 5.45687E+03	 8.65543E+05	 7.42714E+05
 5.46112E+03	 8.40776E+05	 7.38450E+05
 5.46538E+03	 8.33050E+05	 7.34193E+05
 5.46965E+03	 8.15510E+05	 7.29942E+05
 5.47390E+03	 8.00227E+05	 7.25698E+05
 5.47819E+03	 7.81255E+05	 7.21462E+05
 5.48245E+03	 7.66747E+05	 7.17234E+05
 5.48672E+03	 7.53694E+05	 7.13014E+05
 5.49101E+03	 7.54974E+05	 7.08804E+05
 5.49530E+03	 7.55232E+05	 7.04603E+05
 5.49959E+03	 7.60063E+05	 7.00412E+05
 5.50388E+03	 7.79399E+05	 6.96229E+05
 5.50816E+03	 7.76311E+05	 6.92056E+05
 5.51247E+03	 7.67891E+05	 6.87890E+05
 5.51677E+03	 7.53879E+05	 6.83733E+05
 5.52108E+03	 7.38351E+05	 6.79583E+05
 5.52540E+03	 7.36958E+05	 6.75440E+05
 5.52970E+03	 7.31061E+05	 6.71306E+05
 5.53402E+03	 7.32240E+05	 6.67178E+05
 5.53834E+03	 7.25455E+05	 6.63055E+05
 5.54268E+03	 7.11218E+05	 6.58939E+05
 5.54702E+03	 7.06234E+05	 6.54826E+05
 5.55134E+03	 7.14021E+05	 6.50717E+05
 5.55567E+03	 7.34094E+05	 6.46611E+05
 5.56002E+03	 7.50302E+05	 6.42506E+05
 5.56436E+03	 7.45803E+05	 6.38402E+05
 5.56872E+03	 7.43015E+05	 6.34298E+05
 5.57306E+03	 7.39755E+05	 6.30193E+05
 5.57743E+03	 7.36120E+05	 6.26086E+05
 5.58177E+03	 7.30819E+05	 6.21976E+05
 5.58614E+03	 7.31629E+05	 6.17864E+05
 5.59052E+03	 7.25080E+05	 6.13750E+05
 5.59488E+03	 7.24916E+05	 6.09633E+05
 5.59926E+03	 7.15818E+05	 6.05514E+05
 5.60364E+03	 7.16366E+05	 6.01394E+05
 5.60803E+03	 7.08560E+05	 5.97271E+05
 5.61241E+03	 7.04521E+05	 5.93149E+05
 5.61680E+03	 7.03561E+05	 5.89028E+05
 5.62119E+03	 7.02899E+05	 5.84910E+05
