 3.40700E+03	 1.49051E+04
 3.40860E+03	 1.48205E+04
 3.41021E+03	 1.47637E+04
 3.41182E+03	 1.46233E+04
 3.41343E+03	 1.47499E+04
 3.41505E+03	 1.47069E+04
 3.41667E+03	 1.49740E+04
 3.41830E+03	 1.50807E+04
 3.41993E+03	 1.46238E+04
 3.42156E+03	 1.41066E+04
 3.42319E+03	 1.34122E+04
 3.42483E+03	 1.35318E+04
 3.42648E+03	 1.35772E+04
 3.42813E+03	 1.38168E+04
 3.42977E+03	 1.41498E+04
 3.43143E+03	 1.52975E+04
 3.43309E+03	 1.66990E+04
 3.43475E+03	 1.94180E+04
 3.43642E+03	 2.02624E+04
 3.43808E+03	 1.85343E+04
 3.43976E+03	 1.51904E+04
 3.44143E+03	 1.39038E+04
 3.44311E+03	 1.35479E+04
 3.44480E+03	 1.37743E+04
 3.44648E+03	 1.43303E+04
 3.44818E+03	 1.54622E+04
 3.44987E+03	 1.69755E+04
 3.45157E+03	 1.75742E+04
 3.45327E+03	 1.69707E+04
 3.45498E+03	 1.60305E+04
 3.45669E+03	 1.49815E+04
 3.45840E+03	 1.46921E+04
 3.46012E+03	 1.51301E+04
 3.46184E+03	 1.58229E+04
 3.46356E+03	 1.57331E+04
 3.46529E+03	 1.57825E+04
 3.46702E+03	 1.53770E+04
 3.46876E+03	 1.46242E+04
 3.47050E+03	 1.39166E+04
 3.47224E+03	 1.38171E+04
 3.47399E+03	 1.37745E+04
 3.47574E+03	 1.39584E+04
 3.47749E+03	 1.54706E+04
 3.47925E+03	 1.96862E+04
 3.48101E+03	 2.93599E+04
 3.48277E+03	 3.35365E+04
 3.48454E+03	 2.27317E+04
 3.48631E+03	 2.18787E+04
 3.48809E+03	 2.54331E+04
 3.48987E+03	 2.96590E+04
 3.49165E+03	 2.84085E+04
 3.49344E+03	 2.68076E+04
 3.49523E+03	 2.56901E+04
 3.49703E+03	 2.47402E+04
 3.49883E+03	 2.33817E+04
 3.50063E+03	 2.14535E+04
 3.50243E+03	 1.97144E+04
 3.50424E+03	 1.96316E+04
 3.50605E+03	 2.15923E+04
 3.50787E+03	 4.54556E+04
 3.50969E+03	 4.07767E+04
 3.51151E+03	 2.62612E+04
 3.51334E+03	 1.96239E+04
 3.51517E+03	 1.73842E+04
 3.51701E+03	 1.88624E+04
 3.51885E+03	 1.92967E+04
 3.52069E+03	 1.87260E+04
 3.52253E+03	 1.72044E+04
 3.52438E+03	 1.59287E+04
 3.52624E+03	 1.57450E+04
 3.52809E+03	 1.60442E+04
 3.52995E+03	 1.63197E+04
 3.53182E+03	 1.58892E+04
 3.53369E+03	 1.57854E+04
 3.53556E+03	 1.59728E+04
 3.53743E+03	 1.72129E+04
 3.53931E+03	 1.77948E+04
 3.54120E+03	 1.83088E+04
 3.54308E+03	 1.74980E+04
 3.54497E+03	 1.73007E+04
 3.54687E+03	 1.72367E+04
 3.54876E+03	 1.70395E+04
 3.55067E+03	 1.77702E+04
 3.55257E+03	 1.89740E+04
 3.55448E+03	 1.95253E+04
 3.55639E+03	 2.00386E+04
 3.55831E+03	 2.03770E+04
 3.56023E+03	 2.05451E+04
 3.56215E+03	 2.03811E+04
 3.56408E+03	 2.06471E+04
 3.56601E+03	 2.10259E+04
 3.56794E+03	 2.11296E+04
 3.56988E+03	 2.12190E+04
 3.57182E+03	 2.18644E+04
 3.57377E+03	 2.19956E+04
 3.57571E+03	 2.18854E+04
 3.57767E+03	 2.29601E+04
 3.57962E+03	 2.41017E+04
 3.58158E+03	 2.48944E+04
 3.58355E+03	 2.52351E+04
 3.58552E+03	 2.51870E+04
 3.58749E+03	 2.53017E+04
 3.58946E+03	 2.47904E+04
 3.59144E+03	 2.38859E+04
 3.59342E+03	 2.33314E+04
 3.59541E+03	 2.28996E+04
 3.59740E+03	 2.45480E+04
 3.59939E+03	 2.98974E+04
 3.60139E+03	 4.35691E+04
 3.60339E+03	 5.15130E+04
 3.60539E+03	 3.91833E+04
 3.60740E+03	 3.80947E+04
 3.60941E+03	 4.45103E+04
 3.61143E+03	 4.86132E+04
 3.61345E+03	 5.12306E+04
 3.61547E+03	 5.31564E+04
 3.61750E+03	 5.42327E+04
 3.61953E+03	 5.72863E+04
 3.62156E+03	 7.55770E+04
 3.62360E+03	 8.58635E+04
 3.62564E+03	 6.22142E+04
 3.62768E+03	 4.71928E+04
 3.62973E+03	 4.78952E+04
 3.63178E+03	 5.31582E+04
 3.63384E+03	 5.78653E+04
 3.63590E+03	 5.71671E+04
 3.63796E+03	 5.65585E+04
 3.64003E+03	 5.83268E+04
 3.64210E+03	 6.01939E+04
 3.64417E+03	 5.96755E+04
 3.64625E+03	 6.22179E+04
 3.64833E+03	 7.39197E+04
 3.65042E+03	 1.10486E+05
 3.65251E+03	 1.35393E+05
 3.65460E+03	 1.38473E+05
 3.65670E+03	 1.64644E+05
 3.65880E+03	 1.83371E+05
 3.66090E+03	 9.11254E+04
 3.66301E+03	 8.62046E+04
 3.66512E+03	 8.09734E+04
 3.66723E+03	 8.06977E+04
 3.66935E+03	 8.05203E+04
 3.67147E+03	 8.12251E+04
 3.67360E+03	 1.44351E+05
 3.67573E+03	 1.21324E+05
 3.67786E+03	 1.43011E+05
 3.68000E+03	 1.31641E+05
 3.68214E+03	 1.06182E+05
 3.68428E+03	 9.84747E+04
 3.68643E+03	 1.47532E+05
 3.68858E+03	 1.16704E+05
 3.69074E+03	 7.39829E+04
 3.69290E+03	 5.00119E+04
 3.69506E+03	 4.34696E+04
 3.69723E+03	 4.38117E+04
 3.69940E+03	 4.46173E+04
 3.70157E+03	 4.49654E+04
 3.70375E+03	 3.85265E+04
 3.70593E+03	 3.85384E+04
 3.70811E+03	 3.96511E+04
 3.71030E+03	 4.32466E+04
 3.71250E+03	 4.47137E+04
 3.71469E+03	 4.79133E+04
 3.71689E+03	 4.88794E+04
 3.71909E+03	 5.23208E+04
 3.72130E+03	 5.29022E+04
 3.72351E+03	 5.23166E+04
 3.72573E+03	 4.98430E+04
 3.72794E+03	 4.45657E+04
 3.73017E+03	 4.40100E+04
 3.73239E+03	 4.48622E+04
 3.73462E+03	 5.86528E+04
 3.73685E+03	 8.93336E+04
 3.73909E+03	 8.79652E+04
 3.74133E+03	 5.75583E+04
 3.74357E+03	 5.89419E+04
 3.74582E+03	 8.08668E+04
 3.74807E+03	 9.80772E+04
 3.75032E+03	 8.65554E+04
 3.75258E+03	 8.76633E+04
 3.75485E+03	 8.91382E+04
 3.75711E+03	 9.67689E+04
 3.75938E+03	 9.52746E+04
 3.76165E+03	 9.96276E+04
 3.76393E+03	 1.09832E+05
 3.76621E+03	 9.48545E+04
 3.76850E+03	 7.23657E+04
 3.77078E+03	 6.44165E+04
 3.77307E+03	 5.79898E+04
 3.77537E+03	 6.55134E+04
 3.77767E+03	 9.66286E+04
 3.77997E+03	 1.19280E+05
 3.78228E+03	 9.54119E+04
 3.78459E+03	 6.40468E+04
 3.78690E+03	 5.64312E+04
 3.78922E+03	 5.86785E+04
 3.79154E+03	 6.42268E+04
 3.79386E+03	 6.46061E+04
 3.79619E+03	 6.78634E+04
 3.79853E+03	 8.34848E+04
 3.80086E+03	 9.05425E+04
 3.80320E+03	 7.32933E+04
 3.80554E+03	 7.63291E+04
 3.80789E+03	 1.29495E+05
 3.81024E+03	 1.13972E+05
 3.81259E+03	 1.20931E+05
 3.81495E+03	 1.09880E+05
 3.81731E+03	 7.29301E+04
 3.81968E+03	 6.16506E+04
 3.82205E+03	 6.65742E+04
 3.82442E+03	 7.48931E+04
 3.82680E+03	 8.75764E+04
 3.82918E+03	 9.29108E+04
 3.83156E+03	 9.56445E+04
 3.83395E+03	 9.62272E+04
 3.83634E+03	 9.83012E+04
 3.83873E+03	 9.86362E+04
 3.84113E+03	 9.92320E+04
 3.84353E+03	 9.71026E+04
 3.84594E+03	 9.94264E+04
 3.84835E+03	 1.08625E+05
 3.85076E+03	 1.40882E+05
 3.85318E+03	 1.73816E+05
 3.85560E+03	 1.63638E+05
 3.85802E+03	 1.43954E+05
 3.86045E+03	 9.27862E+04
 3.86288E+03	 8.34777E+04
 3.86532E+03	 8.02741E+04
 3.86776E+03	 8.41851E+04
 3.87020E+03	 9.03739E+04
 3.87265E+03	 9.93192E+04
 3.87510E+03	 1.07228E+05
 3.87755E+03	 1.13910E+05
 3.88001E+03	 1.09204E+05
 3.88247E+03	 1.09413E+05
 3.88493E+03	 1.01900E+05
 3.88740E+03	 9.56567E+04
 3.88987E+03	 1.11900E+05
 3.89235E+03	 2.42075E+05
 3.89483E+03	 2.06993E+05
 3.89731E+03	 1.19200E+05
 3.89980E+03	 7.91903E+04
 3.90229E+03	 6.36778E+04
 3.90478E+03	 6.53857E+04
 3.90728E+03	 6.99909E+04
 3.90978E+03	 7.20429E+04
 3.91229E+03	 7.50643E+04
 3.91480E+03	 7.54460E+04
 3.91731E+03	 7.69750E+04
 3.91983E+03	 7.83770E+04
 3.92235E+03	 8.12428E+04
 3.92487E+03	 8.11278E+04
 3.92740E+03	 7.77558E+04
 3.92993E+03	 7.71940E+04
 3.93246E+03	 8.65253E+04
 3.93500E+03	 1.26241E+05
 3.93754E+03	 2.04433E+05
 3.94009E+03	 2.48306E+05
 3.94264E+03	 1.41386E+05
 3.94519E+03	 1.20969E+05
 3.94775E+03	 1.27197E+05
 3.95031E+03	 1.18637E+05
 3.95287E+03	 1.13672E+05
 3.95544E+03	 1.08896E+05
 3.95801E+03	 1.04704E+05
 3.96059E+03	 9.73555E+04
 3.96316E+03	 9.60990E+04
 3.96575E+03	 9.77043E+04
 3.96833E+03	 1.01545E+05
 3.97092E+03	 8.84283E+04
 3.97352E+03	 7.85639E+04
 3.97611E+03	 8.43406E+04
 3.97872E+03	 1.17257E+05
 3.98132E+03	 1.04336E+05
 3.98393E+03	 8.53855E+04
 3.98654E+03	 7.82917E+04
 3.98916E+03	 8.17291E+04
 3.99178E+03	 7.98494E+04
 3.99440E+03	 7.53254E+04
 3.99702E+03	 7.22938E+04
 3.99966E+03	 7.80326E+04
 4.00229E+03	 9.95704E+04
 4.00493E+03	 1.47097E+05
 4.00757E+03	 1.74189E+05
 4.01021E+03	 9.86998E+04
 4.01286E+03	 1.50470E+05
 4.01552E+03	 1.33569E+05
 4.01817E+03	 1.00178E+05
 4.02083E+03	 9.43043E+04
 4.02349E+03	 9.48142E+04
 4.02616E+03	 9.11496E+04
 4.02883E+03	 8.79520E+04
 4.03151E+03	 9.23999E+04
 4.03419E+03	 1.02892E+05
 4.03687E+03	 1.09925E+05
 4.03955E+03	 1.12297E+05
 4.04224E+03	 1.04507E+05
 4.04494E+03	 1.04491E+05
 4.04763E+03	 1.07319E+05
 4.05033E+03	 1.08137E+05
 4.05304E+03	 1.00604E+05
 4.05574E+03	 8.51729E+04
 4.05846E+03	 8.24602E+04
 4.06117E+03	 1.64758E+05
 4.06389E+03	 1.41668E+05
 4.06661E+03	 1.05605E+05
 4.06934E+03	 1.02408E+05
 4.07207E+03	 8.48306E+04
 4.07480E+03	 8.74055E+04
 4.07754E+03	 9.38654E+04
 4.08028E+03	 1.03520E+05
 4.08302E+03	 9.47333E+04
 4.08577E+03	 9.83064E+04
 4.08853E+03	 2.67987E+05
 4.09128E+03	 2.34149E+05
 4.09404E+03	 1.51579E+05
 4.09680E+03	 1.14249E+05
 4.09957E+03	 1.08939E+05
 4.10234E+03	 1.05941E+05
 4.10511E+03	 9.35056E+04
 4.10789E+03	 9.90335E+04
 4.11067E+03	 1.78411E+05
 4.11346E+03	 1.50327E+05
 4.11625E+03	 9.41477E+04
 4.11904E+03	 6.96274E+04
 4.12184E+03	 6.25987E+04
 4.12464E+03	 6.99836E+04
 4.12744E+03	 9.00380E+04
 4.13025E+03	 1.32343E+05
 4.13306E+03	 1.67352E+05
 4.13587E+03	 1.35771E+05
 4.13869E+03	 1.32652E+05
 4.14151E+03	 1.39365E+05
 4.14434E+03	 1.41144E+05
 4.14717E+03	 1.36551E+05
 4.15000E+03	 1.41028E+05
 4.15284E+03	 1.81974E+05
 4.15568E+03	 1.72741E+05
 4.15852E+03	 1.80073E+05
 4.16137E+03	 1.98000E+05
 4.16422E+03	 1.42349E+05
 4.16708E+03	 1.41596E+05
 4.16993E+03	 1.99217E+05
 4.17280E+03	 1.69974E+05
 4.17566E+03	 1.31195E+05
 4.17853E+03	 1.39133E+05
 4.18141E+03	 1.55590E+05
 4.18428E+03	 1.45743E+05
 4.18716E+03	 1.44351E+05
 4.19005E+03	 1.23569E+05
 4.19294E+03	 1.20192E+05
 4.19583E+03	 1.18878E+05
 4.19872E+03	 1.38732E+05
 4.20162E+03	 1.87240E+05
 4.20453E+03	 2.35481E+05
 4.20743E+03	 2.05185E+05
 4.21034E+03	 2.28938E+05
 4.21326E+03	 2.20535E+05
 4.21618E+03	 1.87690E+05
 4.21910E+03	 1.75644E+05
 4.22202E+03	 1.63991E+05
 4.22495E+03	 1.62350E+05
 4.22788E+03	 1.62788E+05
 4.23082E+03	 1.66734E+05
 4.23376E+03	 1.70689E+05
 4.23670E+03	 1.82406E+05
 4.23965E+03	 2.20309E+05
 4.24260E+03	 1.78684E+05
 4.24555E+03	 1.37512E+05
 4.24851E+03	 1.23475E+05
 4.25147E+03	 1.20230E+05
 4.25444E+03	 1.16113E+05
 4.25741E+03	 1.07489E+05
 4.26038E+03	 1.03260E+05
 4.26336E+03	 1.04372E+05
 4.26634E+03	 1.19368E+05
 4.26932E+03	 1.47377E+05
 4.27231E+03	 1.63648E+05
 4.27530E+03	 1.12398E+05
 4.27830E+03	 1.01766E+05
 4.28130E+03	 9.93418E+04
 4.28430E+03	 1.02105E+05
 4.28730E+03	 1.27198E+05
 4.29031E+03	 1.19992E+05
 4.29333E+03	 1.18515E+05
 4.29634E+03	 1.43505E+05
 4.29937E+03	 1.68416E+05
 4.30239E+03	 1.45383E+05
 4.30542E+03	 1.30612E+05
 4.30845E+03	 1.24588E+05
 4.31149E+03	 1.28743E+05
 4.31453E+03	 2.08692E+05
 4.31757E+03	 1.77141E+05
 4.32062E+03	 1.27170E+05
 4.32366E+03	 1.05904E+05
 4.32672E+03	 9.92873E+04
 4.32978E+03	 1.02022E+05
 4.33284E+03	 1.05640E+05
 4.33590E+03	 1.10170E+05
 4.33897E+03	 1.13352E+05
 4.34204E+03	 1.34252E+05
 4.34512E+03	 1.54193E+05
 4.34820E+03	 1.85005E+05
 4.35128E+03	 1.55205E+05
 4.35437E+03	 1.14116E+05
 4.35746E+03	 9.59104E+04
 4.36056E+03	 8.24698E+04
 4.36365E+03	 7.34421E+04
 4.36676E+03	 6.52846E+04
 4.36986E+03	 6.12531E+04
 4.37297E+03	 6.74256E+04
 4.37608E+03	 1.08450E+05
 4.37920E+03	 1.47788E+05
 4.38232E+03	 1.73173E+05
 4.38544E+03	 8.70508E+04
 4.38857E+03	 8.91233E+04
 4.39170E+03	 9.76720E+04
 4.39484E+03	 1.08285E+05
 4.39798E+03	 1.15314E+05
 4.40112E+03	 1.33050E+05
 4.40427E+03	 1.42226E+05
 4.40741E+03	 1.38973E+05
 4.41057E+03	 1.35805E+05
 4.41372E+03	 1.30587E+05
 4.41689E+03	 1.27475E+05
 4.42005E+03	 1.24717E+05
 4.42322E+03	 1.25819E+05
 4.42639E+03	 1.20392E+05
 4.42957E+03	 1.12490E+05
 4.43275E+03	 9.75226E+04
 4.43593E+03	 1.08511E+05
 4.43911E+03	 2.24188E+05
 4.44230E+03	 1.82195E+05
 4.44550E+03	 1.09784E+05
 4.44870E+03	 6.92499E+04
 4.45190E+03	 5.68241E+04
 4.45510E+03	 5.61171E+04
 4.45831E+03	 6.15130E+04
 4.46152E+03	 8.50054E+04
 4.46474E+03	 1.45088E+05
 4.46796E+03	 1.72931E+05
 4.47118E+03	 9.89328E+04
 4.47441E+03	 1.01435E+05
 4.47764E+03	 1.06923E+05
 4.48088E+03	 1.10310E+05
 4.48411E+03	 1.05391E+05
 4.48735E+03	 1.03394E+05
 4.49060E+03	 1.01701E+05
 4.49385E+03	 1.00121E+05
 4.49710E+03	 1.00506E+05
 4.50036E+03	 9.96614E+04
 4.50362E+03	 9.07802E+04
 4.50688E+03	 8.56795E+04
 4.51015E+03	 1.72094E+05
 4.51342E+03	 1.38365E+05
 4.51670E+03	 8.87925E+04
 4.51997E+03	 5.84153E+04
 4.52326E+03	 5.08860E+04
 4.52654E+03	 4.97705E+04
 4.52983E+03	 5.00513E+04
 4.53312E+03	 5.12169E+04
 4.53642E+03	 5.27321E+04
 4.53973E+03	 5.56420E+04
 4.54303E+03	 8.16931E+04
 4.54634E+03	 1.01760E+05
 4.54965E+03	 9.57981E+04
 4.55296E+03	 8.70910E+04
 4.55628E+03	 9.48192E+04
 4.55961E+03	 9.90525E+04
 4.56293E+03	 9.78960E+04
 4.56626E+03	 9.46127E+04
 4.56959E+03	 1.01040E+05
 4.57293E+03	 1.01503E+05
 4.57628E+03	 8.54413E+04
 4.57962E+03	 8.35736E+04
 4.58297E+03	 1.32258E+05
 4.58632E+03	 1.47891E+05
 4.58968E+03	 8.25124E+04
 4.59304E+03	 7.41260E+04
 4.59640E+03	 7.86061E+04
 4.59977E+03	 8.24441E+04
 4.60314E+03	 8.62046E+04
 4.60651E+03	 8.83838E+04
 4.60989E+03	 9.02969E+04
 4.61327E+03	 8.94622E+04
 4.61666E+03	 9.78770E+04
 4.62005E+03	 1.45413E+05
 4.62344E+03	 1.17777E+05
 4.62684E+03	 8.05270E+04
 4.63024E+03	 6.43219E+04
 4.63364E+03	 5.78417E+04
 4.63705E+03	 5.58159E+04
 4.64046E+03	 5.48767E+04
 4.64387E+03	 5.17544E+04
 4.64729E+03	 5.04418E+04
 4.65071E+03	 5.21273E+04
 4.65414E+03	 5.52269E+04
 4.65757E+03	 5.61496E+04
 4.66100E+03	 5.67704E+04
 4.66444E+03	 5.63521E+04
 4.66788E+03	 5.73999E+04
 4.67133E+03	 6.01188E+04
 4.67478E+03	 7.09689E+04
 4.67822E+03	 8.54464E+04
 4.68168E+03	 9.52275E+04
 4.68514E+03	 1.41380E+05
 4.68860E+03	 1.87122E+05
 4.69207E+03	 1.80217E+05
 4.69554E+03	 1.98571E+05
 4.69901E+03	 2.11938E+05
 4.70249E+03	 1.51413E+05
 4.70597E+03	 1.46061E+05
 4.70946E+03	 1.40727E+05
 4.71295E+03	 1.80545E+05
 4.71644E+03	 1.81321E+05
 4.71993E+03	 1.47021E+05
 4.72343E+03	 1.19338E+05
 4.72694E+03	 1.20614E+05
 4.73044E+03	 1.15340E+05
 4.73396E+03	 1.24397E+05
 4.73747E+03	 1.13630E+05
 4.74099E+03	 1.00477E+05
 4.74451E+03	 1.01665E+05
 4.74804E+03	 1.23618E+05
 4.75157E+03	 1.72751E+05
 4.75510E+03	 2.08116E+05
 4.75863E+03	 1.40819E+05
 4.76217E+03	 1.36416E+05
 4.76572E+03	 1.63986E+05
 4.76926E+03	 1.65495E+05
 4.77282E+03	 1.61938E+05
 4.77637E+03	 1.55200E+05
 4.77993E+03	 2.25571E+05
 4.78349E+03	 1.98122E+05
 4.78705E+03	 1.47368E+05
 4.79062E+03	 1.88145E+05
 4.79420E+03	 1.54716E+05
 4.79778E+03	 1.04473E+05
 4.80136E+03	 7.39184E+04
 4.80494E+03	 5.91869E+04
 4.80853E+03	 5.69066E+04
 4.81212E+03	 5.55567E+04
 4.81572E+03	 5.56268E+04
 4.81931E+03	 5.79482E+04
 4.82292E+03	 6.71938E+04
 4.82653E+03	 9.28407E+04
 4.83014E+03	 1.12709E+05
 4.83375E+03	 8.40665E+04
 4.83737E+03	 8.12159E+04
 4.84098E+03	 9.27284E+04
 4.84461E+03	 1.06232E+05
 4.84825E+03	 1.07294E+05
 4.85187E+03	 1.05401E+05
 4.85551E+03	 1.00178E+05
 4.85914E+03	 9.44450E+04
 4.86279E+03	 9.33212E+04
 4.86644E+03	 9.26583E+04
 4.87009E+03	 9.18911E+04
 4.87375E+03	 8.47979E+04
 4.87740E+03	 7.88166E+04
 4.88107E+03	 7.94972E+04
 4.88473E+03	 9.12698E+04
 4.88839E+03	 7.46828E+04
 4.89207E+03	 5.78030E+04
 4.89575E+03	 5.27430E+04
 4.89943E+03	 5.13915E+04
 4.90311E+03	 5.27154E+04
 4.90680E+03	 5.47066E+04
 4.91049E+03	 5.49721E+04
 4.91419E+03	 5.51694E+04
 4.91788E+03	 5.42679E+04
 4.92159E+03	 5.29825E+04
 4.92529E+03	 5.07616E+04
 4.92900E+03	 5.05859E+04
 4.93271E+03	 5.04274E+04
 4.93643E+03	 5.10118E+04
 4.94015E+03	 5.16607E+04
 4.94387E+03	 5.00745E+04
 4.94761E+03	 4.93161E+04
 4.95134E+03	 4.82945E+04
 4.95507E+03	 5.48965E+04
 4.95881E+03	 7.67478E+04
 4.96255E+03	 1.27043E+05
 4.96630E+03	 1.64576E+05
 4.97005E+03	 1.06826E+05
 4.97380E+03	 1.17780E+05
 4.97756E+03	 1.22455E+05
 4.98132E+03	 1.23520E+05
 4.98509E+03	 1.21864E+05
 4.98885E+03	 1.22739E+05
 4.99262E+03	 1.20565E+05
 4.99640E+03	 1.13650E+05
 5.00018E+03	 1.81182E+05
 5.00396E+03	 1.41940E+05
 5.00775E+03	 8.35617E+04
 5.01154E+03	 6.18340E+04
 5.01533E+03	 5.78287E+04
 5.01914E+03	 5.64681E+04
 5.02294E+03	 5.54890E+04
 5.02674E+03	 5.18332E+04
 5.03055E+03	 5.00491E+04
 5.03436E+03	 5.00524E+04
 5.03818E+03	 5.02684E+04
 5.04200E+03	 4.96581E+04
 5.04582E+03	 5.13044E+04
 5.04965E+03	 5.53796E+04
 5.05348E+03	 5.95930E+04
 5.05732E+03	 6.25769E+04
 5.06116E+03	 5.99534E+04
 5.06499E+03	 5.66803E+04
 5.06884E+03	 5.16393E+04
 5.07269E+03	 4.90587E+04
 5.07655E+03	 4.88195E+04
 5.08040E+03	 5.39148E+04
 5.08426E+03	 8.24824E+04
 5.08813E+03	 1.33265E+05
 5.09199E+03	 1.73906E+05
 5.09587E+03	 1.06954E+05
 5.09974E+03	 1.28638E+05
 5.10362E+03	 1.52582E+05
 5.10751E+03	 1.62171E+05
 5.11139E+03	 1.42816E+05
 5.11528E+03	 1.42187E+05
 5.11917E+03	 1.44642E+05
 5.12307E+03	 1.42080E+05
 5.12697E+03	 1.32474E+05
 5.13087E+03	 1.19951E+05
 5.13479E+03	 2.07082E+05
 5.13870E+03	 1.70218E+05
 5.14261E+03	 9.56551E+04
 5.14653E+03	 6.64617E+04
 5.15045E+03	 5.58586E+04
 5.15438E+03	 5.48519E+04
 5.15831E+03	 6.11075E+04
 5.16225E+03	 8.00905E+04
 5.16618E+03	 1.33843E+05
 5.17014E+03	 1.62243E+05
 5.17407E+03	 9.57832E+04
 5.17802E+03	 9.11950E+04
 5.18198E+03	 1.01164E+05
 5.18593E+03	 1.03720E+05
 5.18989E+03	 1.01633E+05
 5.19386E+03	 9.21463E+04
 5.19782E+03	 8.13390E+04
 5.20179E+03	 8.45284E+04
 5.20577E+03	 1.00898E+05
 5.20975E+03	 8.46129E+04
 5.21373E+03	 7.73851E+04
 5.21772E+03	 1.22457E+05
 5.22170E+03	 1.60835E+05
 5.22570E+03	 1.62800E+05
 5.22969E+03	 1.84534E+05
 5.23369E+03	 1.57609E+05
 5.23770E+03	 1.45772E+05
 5.24171E+03	 1.45688E+05
 5.24572E+03	 1.40006E+05
 5.24973E+03	 1.28619E+05
 5.25375E+03	 1.26760E+05
 5.25777E+03	 1.41214E+05
 5.26180E+03	 1.18545E+05
 5.26583E+03	 1.03236E+05
 5.26986E+03	 1.57416E+05
 5.27390E+03	 1.23095E+05
 5.27795E+03	 8.55718E+04
 5.28199E+03	 9.04900E+04
 5.28603E+03	 1.12574E+05
 5.29008E+03	 1.01192E+05
 5.29415E+03	 1.00533E+05
 5.29820E+03	 1.06177E+05
 5.30226E+03	 1.08925E+05
 5.30633E+03	 1.05803E+05
 5.31040E+03	 1.02255E+05
 5.31448E+03	 1.02230E+05
 5.31855E+03	 1.03464E+05
 5.32264E+03	 9.79847E+04
 5.32671E+03	 9.12297E+04
 5.33081E+03	 8.64618E+04
 5.33490E+03	 8.50167E+04
 5.33900E+03	 8.42944E+04
 5.34310E+03	 8.77037E+04
 5.34721E+03	 8.58908E+04
 5.35130E+03	 8.15666E+04
 5.35542E+03	 8.14975E+04
 5.35954E+03	 9.80277E+04
 5.36365E+03	 7.74715E+04
 5.36778E+03	 5.56963E+04
 5.37191E+03	 4.91618E+04
 5.37604E+03	 4.83819E+04
 5.38016E+03	 4.85065E+04
 5.38430E+03	 4.82866E+04
 5.38845E+03	 4.76120E+04
 5.39259E+03	 4.70580E+04
 5.39673E+03	 5.23647E+04
 5.40088E+03	 7.32418E+04
 5.40505E+03	 1.27417E+05
 5.40920E+03	 1.63098E+05
 5.41337E+03	 1.13049E+05
 5.41753E+03	 9.39377E+04
 5.42170E+03	 1.00342E+05
 5.42587E+03	 9.90218E+04
 5.43005E+03	 1.01169E+05
 5.43423E+03	 1.14776E+05
 5.43842E+03	 1.64001E+05
 5.44261E+03	 1.35814E+05
 5.44680E+03	 1.00677E+05
 5.45100E+03	 8.51627E+04
 5.45520E+03	 8.56592E+04
 5.45939E+03	 1.12693E+05
 5.46359E+03	 1.86328E+05
 5.46781E+03	 1.82976E+05
 5.47203E+03	 1.09216E+05
 5.47624E+03	 9.00390E+04
 5.48046E+03	 1.08463E+05
 5.48469E+03	 1.59595E+05
 5.48893E+03	 1.91004E+05
 5.49315E+03	 1.26494E+05
 5.49739E+03	 1.08819E+05
 5.50162E+03	 1.10482E+05
 5.50588E+03	 1.16463E+05
 5.51012E+03	 1.18932E+05
 5.51438E+03	 1.19238E+05
 5.51862E+03	 1.15747E+05
 5.52288E+03	 1.12242E+05
 5.52715E+03	 1.09150E+05
 5.53141E+03	 1.10442E+05
 5.53568E+03	 1.08649E+05
 5.53995E+03	 9.67402E+04
 5.54423E+03	 1.05768E+05
 5.54851E+03	 8.50061E+04
 5.55279E+03	 5.88842E+04
 5.55708E+03	 5.13936E+04
 5.56138E+03	 4.87755E+04
 5.56566E+03	 4.85079E+04
 5.56996E+03	 4.71410E+04
 5.57428E+03	 4.71864E+04
 5.57856E+03	 4.79563E+04
 5.58289E+03	 4.68651E+04
 5.58720E+03	 4.51913E+04
 5.59152E+03	 4.35951E+04
 5.59583E+03	 4.18632E+04
 5.60016E+03	 4.19333E+04
 5.60450E+03	 4.24611E+04
 5.60882E+03	 4.22941E+04
 5.61316E+03	 4.26693E+04
 5.61751E+03	 4.52756E+04
 5.62185E+03	 5.22184E+04
 5.62619E+03	 5.43843E+04
