 3.41182E+03	 1.09642E+04
 3.41343E+03	 1.05319E+04
 3.41505E+03	 1.03614E+04
 3.41667E+03	 9.80186E+03
 3.41830E+03	 9.79492E+03
 3.41993E+03	 9.95959E+03
 3.42156E+03	 9.84975E+03
 3.42319E+03	 9.73402E+03
 3.42483E+03	 9.75517E+03
 3.42648E+03	 1.01212E+04
 3.42813E+03	 1.03358E+04
 3.42977E+03	 1.06036E+04
 3.43143E+03	 1.04601E+04
 3.43309E+03	 1.02171E+04
 3.43475E+03	 9.74432E+03
 3.43642E+03	 9.23876E+03
 3.43808E+03	 8.89663E+03
 3.43976E+03	 9.01497E+03
 3.44143E+03	 9.74205E+03
 3.44311E+03	 1.02378E+04
 3.44480E+03	 1.03903E+04
 3.44648E+03	 1.01221E+04
 3.44818E+03	 9.87620E+03
 3.44987E+03	 9.09019E+03
 3.45157E+03	 8.62930E+03
 3.45327E+03	 8.67622E+03
 3.45498E+03	 8.87233E+03
 3.45669E+03	 9.17859E+03
 3.45840E+03	 9.39390E+03
 3.46012E+03	 9.38333E+03
 3.46184E+03	 9.23069E+03
 3.46356E+03	 9.52662E+03
 3.46529E+03	 9.76649E+03
 3.46702E+03	 9.79333E+03
 3.46876E+03	 1.00716E+04
 3.47050E+03	 1.02050E+04
 3.47224E+03	 1.00674E+04
 3.47399E+03	 1.02098E+04
 3.47574E+03	 9.87049E+03
 3.47749E+03	 9.88681E+03
 3.47925E+03	 1.02586E+04
 3.48101E+03	 1.08683E+04
 3.48277E+03	 1.10088E+04
 3.48454E+03	 1.08526E+04
 3.48631E+03	 1.04309E+04
 3.48809E+03	 1.00079E+04
 3.48987E+03	 1.00263E+04
 3.49165E+03	 1.00812E+04
 3.49344E+03	 1.01097E+04
 3.49523E+03	 9.87092E+03
 3.49703E+03	 9.66923E+03
 3.49883E+03	 9.38680E+03
 3.50063E+03	 9.68943E+03
 3.50243E+03	 1.00729E+04
 3.50424E+03	 1.12988E+04
 3.50605E+03	 1.28891E+04
 3.50787E+03	 1.38518E+04
 3.50969E+03	 1.39704E+04
 3.51151E+03	 1.32537E+04
 3.51334E+03	 1.20519E+04
 3.51517E+03	 1.10172E+04
 3.51701E+03	 1.05111E+04
 3.51885E+03	 1.06772E+04
 3.52069E+03	 1.06855E+04
 3.52253E+03	 1.06145E+04
 3.52438E+03	 1.05024E+04
 3.52624E+03	 1.06393E+04
 3.52809E+03	 1.04837E+04
 3.52995E+03	 1.01187E+04
 3.53182E+03	 1.02458E+04
 3.53369E+03	 1.03852E+04
 3.53556E+03	 1.09505E+04
 3.53743E+03	 1.14011E+04
 3.53931E+03	 1.15708E+04
 3.54120E+03	 1.15187E+04
 3.54308E+03	 1.15160E+04
 3.54497E+03	 1.13702E+04
 3.54687E+03	 1.11528E+04
 3.54876E+03	 1.08072E+04
 3.55067E+03	 1.09169E+04
 3.55257E+03	 1.11554E+04
 3.55448E+03	 1.13823E+04
 3.55639E+03	 1.14194E+04
 3.55831E+03	 1.20154E+04
 3.56023E+03	 1.26839E+04
 3.56215E+03	 1.32156E+04
 3.56408E+03	 1.38697E+04
 3.56601E+03	 1.42596E+04
 3.56794E+03	 1.45731E+04
 3.56988E+03	 1.41729E+04
 3.57182E+03	 1.38275E+04
 3.57377E+03	 1.36148E+04
 3.57571E+03	 1.34415E+04
 3.57767E+03	 1.31001E+04
 3.57962E+03	 1.34144E+04
 3.58158E+03	 1.36415E+04
 3.58355E+03	 1.38268E+04
 3.58552E+03	 1.40594E+04
 3.58749E+03	 1.44800E+04
 3.58946E+03	 1.48172E+04
 3.59144E+03	 1.49863E+04
 3.59342E+03	 1.51768E+04
 3.59541E+03	 1.50981E+04
 3.59740E+03	 1.51826E+04
 3.59939E+03	 1.41927E+04
 3.60139E+03	 1.35438E+04
 3.60339E+03	 1.37132E+04
 3.60539E+03	 1.45676E+04
 3.60740E+03	 1.53050E+04
 3.60941E+03	 1.58945E+04
 3.61143E+03	 1.54917E+04
 3.61345E+03	 1.56960E+04
 3.61547E+03	 1.67339E+04
 3.61750E+03	 1.76366E+04
 3.61953E+03	 1.85086E+04
 3.62156E+03	 1.95894E+04
 3.62360E+03	 1.97882E+04
 3.62564E+03	 2.06482E+04
 3.62768E+03	 2.02870E+04
 3.62973E+03	 2.02006E+04
 3.63178E+03	 1.99626E+04
 3.63384E+03	 1.99529E+04
 3.63590E+03	 2.03355E+04
 3.63796E+03	 2.09427E+04
 3.64003E+03	 2.16036E+04
 3.64210E+03	 2.09422E+04
 3.64417E+03	 2.05548E+04
 3.64625E+03	 2.05775E+04
 3.64833E+03	 2.08737E+04
 3.65042E+03	 2.16012E+04
 3.65251E+03	 2.26734E+04
 3.65460E+03	 2.30860E+04
 3.65670E+03	 2.48726E+04
 3.65880E+03	 2.69064E+04
 3.66090E+03	 2.93161E+04
 3.66301E+03	 3.09679E+04
 3.66512E+03	 3.28351E+04
 3.66723E+03	 3.28426E+04
 3.66935E+03	 3.20484E+04
 3.67147E+03	 3.07013E+04
 3.67360E+03	 3.10288E+04
 3.67573E+03	 3.17030E+04
 3.67786E+03	 3.31641E+04
 3.68000E+03	 3.36196E+04
 3.68214E+03	 3.30344E+04
 3.68428E+03	 3.21058E+04
 3.68643E+03	 3.16111E+04
 3.68858E+03	 3.25575E+04
 3.69074E+03	 3.29958E+04
 3.69290E+03	 3.22826E+04
 3.69506E+03	 3.04303E+04
 3.69723E+03	 2.87940E+04
 3.69940E+03	 2.67424E+04
 3.70157E+03	 2.56893E+04
 3.70375E+03	 2.45242E+04
 3.70593E+03	 2.43601E+04
 3.70811E+03	 2.38693E+04
 3.71030E+03	 2.25374E+04
 3.71250E+03	 2.17834E+04
 3.71469E+03	 2.12999E+04
 3.71689E+03	 2.06737E+04
 3.71909E+03	 1.98757E+04
 3.72130E+03	 1.97902E+04
 3.72351E+03	 1.91597E+04
 3.72573E+03	 1.84873E+04
 3.72794E+03	 1.79403E+04
 3.73017E+03	 1.76915E+04
 3.73239E+03	 1.71374E+04
 3.73462E+03	 1.70039E+04
 3.73685E+03	 1.72770E+04
 3.73909E+03	 1.74465E+04
 3.74133E+03	 1.71060E+04
 3.74357E+03	 1.69203E+04
 3.74582E+03	 1.70642E+04
 3.74807E+03	 1.67962E+04
 3.75032E+03	 1.68449E+04
 3.75258E+03	 1.68841E+04
 3.75485E+03	 1.71199E+04
 3.75711E+03	 1.71997E+04
 3.75938E+03	 1.80245E+04
 3.76165E+03	 1.79017E+04
 3.76393E+03	 1.78510E+04
 3.76621E+03	 1.69750E+04
 3.76850E+03	 1.63431E+04
 3.77078E+03	 1.65458E+04
 3.77307E+03	 1.75112E+04
 3.77537E+03	 1.83850E+04
 3.77767E+03	 1.78221E+04
 3.77997E+03	 1.70708E+04
 3.78228E+03	 1.60688E+04
 3.78459E+03	 1.62112E+04
 3.78690E+03	 1.62748E+04
 3.78922E+03	 1.62069E+04
 3.79154E+03	 1.61335E+04
 3.79386E+03	 1.62467E+04
 3.79619E+03	 1.73457E+04
 3.79853E+03	 1.89760E+04
 3.80086E+03	 2.04605E+04
 3.80320E+03	 2.06976E+04
 3.80554E+03	 2.07047E+04
 3.80789E+03	 1.99540E+04
 3.81024E+03	 1.95368E+04
 3.81259E+03	 1.90775E+04
 3.81495E+03	 1.92168E+04
 3.81731E+03	 1.98560E+04
 3.81968E+03	 2.01607E+04
 3.82205E+03	 2.05742E+04
 3.82442E+03	 2.06932E+04
 3.82680E+03	 2.05022E+04
 3.82918E+03	 2.00976E+04
 3.83156E+03	 2.00968E+04
 3.83395E+03	 2.11906E+04
 3.83634E+03	 2.18481E+04
 3.83873E+03	 2.25379E+04
 3.84113E+03	 2.26552E+04
 3.84353E+03	 2.33825E+04
 3.84594E+03	 2.42132E+04
 3.84835E+03	 2.55549E+04
 3.85076E+03	 2.75118E+04
 3.85318E+03	 2.74034E+04
 3.85560E+03	 2.67240E+04
 3.85802E+03	 2.64049E+04
 3.86045E+03	 2.61123E+04
 3.86288E+03	 2.60823E+04
 3.86532E+03	 2.69902E+04
 3.86776E+03	 2.70312E+04
 3.87020E+03	 2.71948E+04
 3.87265E+03	 2.76086E+04
 3.87510E+03	 2.84044E+04
 3.87755E+03	 2.84701E+04
 3.88001E+03	 2.85897E+04
 3.88247E+03	 2.94302E+04
 3.88493E+03	 3.06140E+04
 3.88740E+03	 3.11924E+04
 3.88987E+03	 3.26431E+04
 3.89235E+03	 3.34314E+04
 3.89483E+03	 3.49849E+04
 3.89731E+03	 3.61940E+04
 3.89980E+03	 3.72910E+04
 3.90229E+03	 3.82228E+04
 3.90478E+03	 3.85778E+04
 3.90728E+03	 3.96604E+04
 3.90978E+03	 4.16669E+04
 3.91229E+03	 4.50217E+04
 3.91480E+03	 4.63304E+04
 3.91731E+03	 4.80492E+04
 3.91983E+03	 4.80233E+04
 3.92235E+03	 4.83401E+04
 3.92487E+03	 4.93872E+04
 3.92740E+03	 5.15046E+04
 3.92993E+03	 5.34119E+04
 3.93246E+03	 5.42120E+04
 3.93500E+03	 5.50978E+04
 3.93754E+03	 5.40848E+04
 3.94009E+03	 5.29534E+04
 3.94264E+03	 5.26786E+04
 3.94519E+03	 5.23047E+04
 3.94775E+03	 5.01958E+04
 3.95031E+03	 4.84548E+04
 3.95287E+03	 4.74030E+04
 3.95544E+03	 4.76364E+04
 3.95801E+03	 4.72491E+04
 3.96059E+03	 4.44162E+04
 3.96316E+03	 4.07610E+04
 3.96575E+03	 3.88655E+04
 3.96833E+03	 3.64775E+04
 3.97092E+03	 3.48584E+04
 3.97352E+03	 3.40129E+04
 3.97611E+03	 3.52944E+04
 3.97872E+03	 3.51485E+04
 3.98132E+03	 3.42310E+04
 3.98393E+03	 3.24521E+04
 3.98654E+03	 3.03931E+04
 3.98916E+03	 2.83769E+04
 3.99178E+03	 2.81509E+04
 3.99440E+03	 2.82590E+04
 3.99702E+03	 2.88839E+04
 3.99966E+03	 2.94760E+04
 4.00229E+03	 3.01340E+04
 4.00493E+03	 3.04743E+04
 4.00757E+03	 2.96176E+04
 4.01021E+03	 2.92720E+04
 4.01286E+03	 2.88604E+04
 4.01552E+03	 2.90574E+04
 4.01817E+03	 2.94905E+04
 4.02083E+03	 3.02783E+04
 4.02349E+03	 3.10579E+04
 4.02616E+03	 3.37836E+04
 4.02883E+03	 4.36712E+04
 4.03151E+03	 6.62815E+04
 4.03419E+03	 8.19455E+04
 4.03687E+03	 5.30611E+04
 4.03955E+03	 5.05051E+04
 4.04224E+03	 5.39216E+04
 4.04494E+03	 5.91933E+04
 4.04763E+03	 6.56404E+04
 4.05033E+03	 7.64361E+04
 4.05304E+03	 7.66336E+04
 4.05574E+03	 7.07952E+04
 4.05846E+03	 6.36969E+04
 4.06117E+03	 5.92845E+04
 4.06389E+03	 5.92311E+04
 4.06661E+03	 5.84199E+04
 4.06934E+03	 5.74918E+04
 4.07207E+03	 5.67106E+04
 4.07480E+03	 5.52795E+04
 4.07754E+03	 5.22974E+04
 4.08028E+03	 6.28289E+04
 4.08302E+03	 1.20227E+05
 4.08577E+03	 9.63924E+04
 4.08853E+03	 5.72230E+04
 4.09128E+03	 3.68721E+04
 4.09404E+03	 3.16153E+04
 4.09680E+03	 3.12855E+04
 4.09957E+03	 3.15515E+04
 4.10234E+03	 3.09135E+04
 4.10511E+03	 2.99224E+04
 4.10789E+03	 2.98323E+04
 4.11067E+03	 3.11300E+04
 4.11346E+03	 3.16811E+04
 4.11625E+03	 3.29855E+04
 4.11904E+03	 3.39870E+04
 4.12184E+03	 3.38567E+04
 4.12464E+03	 3.41719E+04
 4.12744E+03	 3.45055E+04
 4.13025E+03	 3.60606E+04
 4.13306E+03	 3.70356E+04
 4.13587E+03	 3.75747E+04
 4.13869E+03	 3.68064E+04
 4.14151E+03	 3.83720E+04
 4.14434E+03	 3.88755E+04
 4.14717E+03	 3.86662E+04
 4.15000E+03	 3.80352E+04
 4.15284E+03	 3.68487E+04
 4.15568E+03	 3.58755E+04
 4.15852E+03	 3.58986E+04
 4.16137E+03	 3.71109E+04
 4.16422E+03	 3.80864E+04
 4.16708E+03	 3.71472E+04
 4.16993E+03	 3.69814E+04
 4.17280E+03	 3.67941E+04
 4.17566E+03	 3.68536E+04
 4.17853E+03	 3.70552E+04
 4.18141E+03	 3.75659E+04
 4.18428E+03	 4.07092E+04
 4.18716E+03	 5.02735E+04
 4.19005E+03	 7.72502E+04
 4.19294E+03	 9.19411E+04
 4.19583E+03	 5.99622E+04
 4.19872E+03	 5.27550E+04
 4.20162E+03	 5.56071E+04
 4.20453E+03	 5.85469E+04
 4.20743E+03	 5.69395E+04
 4.21034E+03	 6.89167E+04
 4.21326E+03	 9.70085E+04
 4.21618E+03	 7.81543E+04
 4.21910E+03	 4.95261E+04
 4.22202E+03	 3.85526E+04
 4.22495E+03	 3.60261E+04
 4.22788E+03	 3.56675E+04
 4.23082E+03	 3.53467E+04
 4.23376E+03	 3.55795E+04
 4.23670E+03	 3.59208E+04
 4.23965E+03	 3.60900E+04
 4.24260E+03	 3.79139E+04
 4.24555E+03	 3.89364E+04
 4.24851E+03	 4.00861E+04
 4.25147E+03	 3.97300E+04
 4.25444E+03	 3.81451E+04
 4.25741E+03	 3.62564E+04
 4.26038E+03	 3.64944E+04
 4.26336E+03	 3.78056E+04
 4.26634E+03	 3.84715E+04
 4.26932E+03	 3.85852E+04
 4.27231E+03	 3.76400E+04
 4.27530E+03	 3.58979E+04
 4.27830E+03	 3.44681E+04
 4.28130E+03	 3.41762E+04
 4.28430E+03	 3.32525E+04
 4.28730E+03	 3.29329E+04
 4.29031E+03	 3.34856E+04
 4.29333E+03	 3.39270E+04
 4.29634E+03	 3.45602E+04
 4.29937E+03	 3.61189E+04
 4.30239E+03	 3.78090E+04
 4.30542E+03	 3.82017E+04
 4.30845E+03	 3.90793E+04
 4.31149E+03	 3.78824E+04
 4.31453E+03	 3.60506E+04
 4.31757E+03	 3.59805E+04
 4.32062E+03	 3.63694E+04
 4.32366E+03	 3.69000E+04
 4.32672E+03	 3.57827E+04
 4.32978E+03	 3.61978E+04
 4.33284E+03	 3.72509E+04
 4.33590E+03	 4.25737E+04
 4.33897E+03	 6.15536E+04
 4.34204E+03	 9.80490E+04
 4.34512E+03	 1.23351E+05
 4.34820E+03	 7.33666E+04
 4.35128E+03	 6.33696E+04
 4.35437E+03	 6.36175E+04
 4.35746E+03	 6.16799E+04
 4.36056E+03	 6.93995E+04
 4.36365E+03	 1.32279E+05
 4.36676E+03	 1.08863E+05
 4.36986E+03	 6.46055E+04
 4.37297E+03	 4.40981E+04
 4.37608E+03	 3.89431E+04
 4.37920E+03	 4.04045E+04
 4.38232E+03	 4.21765E+04
 4.38544E+03	 4.88214E+04
 4.38857E+03	 7.72768E+04
 4.39170E+03	 1.02210E+05
 4.39484E+03	 9.63645E+04
 4.39798E+03	 8.79469E+04
 4.40112E+03	 8.97486E+04
 4.40427E+03	 8.30111E+04
 4.40741E+03	 7.32795E+04
 4.41057E+03	 7.08415E+04
 4.41372E+03	 9.18013E+04
 4.41689E+03	 1.08304E+05
 4.42005E+03	 8.49607E+04
 4.42322E+03	 4.63787E+04
 4.42639E+03	 3.97519E+04
 4.42957E+03	 3.62442E+04
 4.43275E+03	 3.71092E+04
 4.43593E+03	 3.72690E+04
 4.43911E+03	 3.77338E+04
 4.44230E+03	 3.73550E+04
 4.44550E+03	 3.72293E+04
 4.44870E+03	 3.60727E+04
 4.45190E+03	 3.59718E+04
 4.45510E+03	 3.69599E+04
 4.45831E+03	 3.77389E+04
 4.46152E+03	 3.76703E+04
 4.46474E+03	 4.54720E+04
 4.46796E+03	 6.88574E+04
 4.47118E+03	 1.23204E+05
 4.47441E+03	 1.49766E+05
 4.47764E+03	 8.81295E+04
 4.48088E+03	 7.46026E+04
 4.48411E+03	 7.62276E+04
 4.48735E+03	 7.72881E+04
 4.49060E+03	 6.86163E+04
 4.49385E+03	 6.63950E+04
 4.49710E+03	 6.19605E+04
 4.50036E+03	 5.48447E+04
 4.50362E+03	 4.76611E+04
 4.50688E+03	 4.59394E+04
 4.51015E+03	 6.17190E+04
 4.51342E+03	 5.08269E+04
 4.51670E+03	 3.97287E+04
 4.51997E+03	 4.14728E+04
 4.52326E+03	 4.19008E+04
 4.52654E+03	 4.13063E+04
 4.52983E+03	 3.96979E+04
 4.53312E+03	 3.82139E+04
 4.53642E+03	 3.88234E+04
 4.53973E+03	 3.88684E+04
 4.54303E+03	 3.83253E+04
 4.54634E+03	 3.84887E+04
 4.54965E+03	 3.72008E+04
 4.55296E+03	 3.54576E+04
 4.55628E+03	 3.62311E+04
 4.55961E+03	 3.70892E+04
 4.56293E+03	 3.80655E+04
 4.56626E+03	 3.76151E+04
 4.56959E+03	 3.76246E+04
 4.57293E+03	 3.70739E+04
 4.57628E+03	 3.78710E+04
 4.57962E+03	 3.83735E+04
 4.58297E+03	 3.82125E+04
 4.58632E+03	 3.74581E+04
 4.58968E+03	 3.66748E+04
 4.59304E+03	 3.67899E+04
 4.59640E+03	 3.62231E+04
 4.59977E+03	 3.68635E+04
 4.60314E+03	 3.67053E+04
 4.60651E+03	 4.25688E+04
 4.60989E+03	 6.80464E+04
 4.61327E+03	 1.18047E+05
 4.61666E+03	 1.53887E+05
 4.62005E+03	 9.63929E+04
 4.62344E+03	 7.95604E+04
 4.62684E+03	 8.32842E+04
 4.63024E+03	 8.24487E+04
 4.63364E+03	 7.62417E+04
 4.63705E+03	 6.84113E+04
 4.64046E+03	 6.21892E+04
 4.64387E+03	 5.62693E+04
 4.64729E+03	 5.03404E+04
 4.65071E+03	 5.13128E+04
 4.65414E+03	 6.05881E+04
 4.65757E+03	 5.19955E+04
 4.66100E+03	 4.39183E+04
 4.66444E+03	 4.07558E+04
 4.66788E+03	 3.94128E+04
 4.67133E+03	 3.88453E+04
 4.67478E+03	 3.81603E+04
 4.67822E+03	 3.77691E+04
 4.68168E+03	 3.77551E+04
 4.68514E+03	 3.84520E+04
 4.68860E+03	 3.91312E+04
 4.69207E+03	 4.02377E+04
 4.69554E+03	 4.14387E+04
 4.69901E+03	 4.13256E+04
 4.70249E+03	 3.98024E+04
 4.70597E+03	 3.87823E+04
 4.70946E+03	 3.79914E+04
 4.71295E+03	 3.74862E+04
 4.71644E+03	 3.72210E+04
 4.71993E+03	 3.91686E+04
 4.72343E+03	 3.91243E+04
 4.72694E+03	 3.96776E+04
 4.73044E+03	 4.04448E+04
 4.73396E+03	 4.13889E+04
 4.73747E+03	 4.14201E+04
 4.74099E+03	 4.11815E+04
 4.74451E+03	 3.99941E+04
 4.74804E+03	 3.90004E+04
 4.75157E+03	 3.98830E+04
 4.75510E+03	 4.03079E+04
 4.75863E+03	 3.98912E+04
 4.76217E+03	 3.96661E+04
 4.76572E+03	 4.07507E+04
 4.76926E+03	 4.12867E+04
 4.77282E+03	 4.22510E+04
 4.77637E+03	 4.37706E+04
 4.77993E+03	 4.40778E+04
 4.78349E+03	 4.23575E+04
 4.78705E+03	 4.19385E+04
 4.79062E+03	 4.03472E+04
 4.79420E+03	 4.03790E+04
 4.79778E+03	 3.98762E+04
 4.80136E+03	 3.97765E+04
 4.80494E+03	 3.98195E+04
 4.80853E+03	 3.89048E+04
 4.81212E+03	 4.45434E+04
 4.81572E+03	 6.90086E+04
 4.81931E+03	 1.18171E+05
 4.82292E+03	 1.47086E+05
 4.82653E+03	 7.89197E+04
 4.83014E+03	 8.71104E+04
 4.83375E+03	 9.21360E+04
 4.83737E+03	 9.26524E+04
 4.84098E+03	 9.32651E+04
 4.84461E+03	 9.46126E+04
 4.84825E+03	 9.70230E+04
 4.85187E+03	 9.55377E+04
 4.85551E+03	 9.13123E+04
 4.85914E+03	 8.56166E+04
 4.86279E+03	 7.66696E+04
 4.86644E+03	 6.87309E+04
 4.87009E+03	 1.11735E+05
 4.87375E+03	 8.36564E+04
 4.87740E+03	 5.77634E+04
 4.88107E+03	 4.38777E+04
 4.88473E+03	 4.15696E+04
 4.88839E+03	 4.17150E+04
 4.89207E+03	 4.19233E+04
 4.89575E+03	 4.14546E+04
 4.89943E+03	 4.21144E+04
 4.90311E+03	 4.27133E+04
 4.90680E+03	 4.35463E+04
 4.91049E+03	 4.28187E+04
 4.91419E+03	 4.24352E+04
 4.91788E+03	 4.28746E+04
 4.92159E+03	 4.36687E+04
 4.92529E+03	 4.34297E+04
 4.92900E+03	 4.16801E+04
 4.93271E+03	 4.11994E+04
 4.93643E+03	 4.09484E+04
 4.94015E+03	 4.08764E+04
 4.94387E+03	 4.05439E+04
 4.94761E+03	 4.13413E+04
 4.95134E+03	 4.05592E+04
 4.95507E+03	 3.89081E+04
 4.95881E+03	 3.74541E+04
 4.96255E+03	 3.68405E+04
 4.96630E+03	 3.65999E+04
 4.97005E+03	 3.67813E+04
 4.97380E+03	 3.83974E+04
 4.97756E+03	 3.90860E+04
 4.98132E+03	 3.91279E+04
 4.98509E+03	 3.90772E+04
 4.98885E+03	 3.85562E+04
 4.99262E+03	 3.71695E+04
 4.99640E+03	 3.64982E+04
 5.00018E+03	 3.58014E+04
 5.00396E+03	 3.53835E+04
 5.00775E+03	 3.56999E+04
 5.01154E+03	 3.71392E+04
 5.01533E+03	 3.82488E+04
 5.01914E+03	 3.77372E+04
 5.02294E+03	 3.77259E+04
 5.02674E+03	 3.82580E+04
 5.03055E+03	 3.89635E+04
 5.03436E+03	 3.98001E+04
 5.03818E+03	 3.95367E+04
 5.04200E+03	 3.89645E+04
 5.04582E+03	 3.88923E+04
 5.04965E+03	 3.90685E+04
 5.05348E+03	 3.94032E+04
 5.05732E+03	 3.99191E+04
 5.06116E+03	 3.97383E+04
 5.06499E+03	 4.01037E+04
 5.06884E+03	 3.95580E+04
 5.07269E+03	 3.85879E+04
 5.07655E+03	 3.86581E+04
 5.08040E+03	 3.93374E+04
 5.08426E+03	 3.83642E+04
 5.08813E+03	 3.78948E+04
 5.09199E+03	 3.87463E+04
 5.09587E+03	 3.87863E+04
 5.09974E+03	 3.93382E+04
 5.10362E+03	 3.96032E+04
 5.10751E+03	 3.95572E+04
 5.11139E+03	 3.86436E+04
 5.11528E+03	 3.82887E+04
 5.11917E+03	 3.87295E+04
 5.12307E+03	 3.96827E+04
 5.12697E+03	 4.15365E+04
 5.13087E+03	 4.12406E+04
 5.13479E+03	 3.95756E+04
 5.13870E+03	 3.96753E+04
 5.14261E+03	 4.01241E+04
 5.14653E+03	 4.04395E+04
 5.15045E+03	 4.04026E+04
 5.15438E+03	 3.97926E+04
 5.15831E+03	 3.86615E+04
 5.16225E+03	 3.80659E+04
 5.16618E+03	 3.71759E+04
 5.17014E+03	 3.61894E+04
 5.17407E+03	 3.64027E+04
 5.17802E+03	 3.66217E+04
 5.18198E+03	 3.71335E+04
 5.18593E+03	 3.82195E+04
 5.18989E+03	 3.91077E+04
 5.19386E+03	 3.83293E+04
 5.19782E+03	 3.64056E+04
 5.20179E+03	 3.59112E+04
 5.20577E+03	 3.59119E+04
 5.20975E+03	 3.63392E+04
 5.21373E+03	 3.75244E+04
 5.21772E+03	 3.87124E+04
 5.22170E+03	 3.88666E+04
 5.22570E+03	 3.90963E+04
 5.22969E+03	 3.87965E+04
 5.23369E+03	 3.83521E+04
 5.23770E+03	 3.80158E+04
 5.24171E+03	 3.77260E+04
 5.24572E+03	 3.77643E+04
 5.24973E+03	 4.62258E+04
 5.25375E+03	 7.86336E+04
 5.25777E+03	 1.30027E+05
 5.26180E+03	 1.66285E+05
 5.26583E+03	 7.56009E+04
 5.26986E+03	 8.48983E+04
 5.27390E+03	 9.18226E+04
 5.27795E+03	 9.56982E+04
 5.28199E+03	 1.02374E+05
 5.28603E+03	 1.06825E+05
 5.29008E+03	 1.07519E+05
 5.29415E+03	 1.00958E+05
 5.29820E+03	 9.01493E+04
 5.30226E+03	 2.11953E+05
 5.30633E+03	 1.69906E+05
 5.31040E+03	 9.93901E+04
 5.31448E+03	 5.26628E+04
 5.31855E+03	 3.91264E+04
 5.32264E+03	 4.03213E+04
 5.32671E+03	 4.08082E+04
 5.33081E+03	 4.49012E+04
 5.33490E+03	 5.18517E+04
 5.33900E+03	 4.76790E+04
 5.34310E+03	 4.66586E+04
 5.34721E+03	 4.93459E+04
 5.35130E+03	 5.31839E+04
 5.35542E+03	 5.51896E+04
 5.35954E+03	 6.07499E+04
 5.36365E+03	 8.50631E+04
 5.36778E+03	 7.29064E+04
 5.37191E+03	 4.68994E+04
 5.37604E+03	 4.34243E+04
 5.38016E+03	 4.55291E+04
 5.38430E+03	 4.87415E+04
 5.38845E+03	 5.09149E+04
 5.39259E+03	 5.11282E+04
 5.39673E+03	 4.87182E+04
 5.40088E+03	 4.51337E+04
 5.40505E+03	 4.34289E+04
 5.40920E+03	 4.18534E+04
 5.41337E+03	 3.95088E+04
 5.41753E+03	 3.80138E+04
 5.42170E+03	 3.79809E+04
 5.42587E+03	 3.74884E+04
 5.43005E+03	 3.76216E+04
 5.43423E+03	 3.90407E+04
 5.43842E+03	 4.00067E+04
 5.44261E+03	 3.91351E+04
 5.44680E+03	 3.81352E+04
 5.45100E+03	 3.76013E+04
 5.45520E+03	 3.69562E+04
 5.45939E+03	 3.51616E+04
 5.46359E+03	 3.35229E+04
 5.46781E+03	 3.42382E+04
 5.47203E+03	 3.50204E+04
 5.47624E+03	 3.50152E+04
 5.48046E+03	 3.57761E+04
 5.48469E+03	 3.53278E+04
 5.48893E+03	 3.68369E+04
 5.49315E+03	 3.67498E+04
 5.49739E+03	 3.69507E+04
 5.50162E+03	 3.72170E+04
 5.50588E+03	 3.65772E+04
 5.51012E+03	 3.74534E+04
 5.51438E+03	 3.83849E+04
 5.51862E+03	 4.04458E+04
 5.52288E+03	 4.09273E+04
 5.52715E+03	 4.29382E+04
 5.53141E+03	 4.28466E+04
 5.53568E+03	 4.07464E+04
 5.53995E+03	 3.94295E+04
 5.54423E+03	 3.83139E+04
 5.54851E+03	 3.84628E+04
 5.55279E+03	 3.84338E+04
 5.55708E+03	 3.93872E+04
 5.56138E+03	 4.06943E+04
 5.56566E+03	 4.18183E+04
 5.56996E+03	 4.00704E+04
 5.57428E+03	 3.81735E+04
 5.57856E+03	 3.76281E+04
 5.58289E+03	 3.72695E+04
 5.58720E+03	 3.71601E+04
 5.59152E+03	 3.57872E+04
 5.59583E+03	 3.57512E+04
 5.60016E+03	 3.62597E+04
 5.60450E+03	 3.57261E+04
 5.60882E+03	 3.71613E+04
 5.61316E+03	 3.84200E+04
 5.61751E+03	 3.98600E+04
 5.62185E+03	 4.14227E+04
 5.62619E+03	 4.21271E+04
 5.63054E+03	 4.10420E+04
 5.63489E+03	 3.91132E+04
 5.63925E+03	 3.73920E+04
 5.64361E+03	 3.65913E+04
 5.64797E+03	 3.70533E+04
 5.65234E+03	 3.72733E+04
 5.65671E+03	 3.78179E+04
 5.66109E+03	 3.86444E+04
 5.66548E+03	 3.75719E+04
 5.66986E+03	 3.76694E+04
 5.67424E+03	 3.70926E+04
 5.67863E+03	 3.89477E+04
 5.68302E+03	 4.12655E+04
 5.68743E+03	 5.00714E+04
 5.69183E+03	 5.27092E+04
 5.69625E+03	 8.91909E+04
