 3.40349E+03	 3.01224E+04
 3.40511E+03	 3.00616E+04
 3.40674E+03	 2.94078E+04
 3.40836E+03	 2.77688E+04
 3.41000E+03	 2.62861E+04
 3.41163E+03	 2.50656E+04
 3.41327E+03	 2.37302E+04
 3.41492E+03	 2.24488E+04
 3.41657E+03	 2.13778E+04
 3.41822E+03	 2.25056E+04
 3.41987E+03	 2.24404E+04
 3.42153E+03	 2.33293E+04
 3.42319E+03	 2.45811E+04
 3.42486E+03	 2.57848E+04
 3.42653E+03	 2.53980E+04
 3.42820E+03	 2.42413E+04
 3.42988E+03	 2.27942E+04
 3.43156E+03	 2.25004E+04
 3.43324E+03	 2.26652E+04
 3.43493E+03	 2.32970E+04
 3.43662E+03	 2.37684E+04
 3.43831E+03	 2.36983E+04
 3.44001E+03	 2.26119E+04
 3.44171E+03	 2.22478E+04
 3.44342E+03	 2.14901E+04
 3.44513E+03	 2.14832E+04
 3.44684E+03	 2.16555E+04
 3.44855E+03	 2.15086E+04
 3.45027E+03	 2.08397E+04
 3.45200E+03	 2.07577E+04
 3.45372E+03	 2.12067E+04
 3.45545E+03	 2.21774E+04
 3.45719E+03	 2.32685E+04
 3.45893E+03	 2.34190E+04
 3.46067E+03	 2.37108E+04
 3.46241E+03	 2.34181E+04
 3.46416E+03	 2.30274E+04
 3.46591E+03	 2.34698E+04
 3.46767E+03	 2.39400E+04
 3.46943E+03	 2.31819E+04
 3.47119E+03	 2.32719E+04
 3.47296E+03	 2.31624E+04
 3.47473E+03	 2.21594E+04
 3.47650E+03	 2.22498E+04
 3.47828E+03	 2.35235E+04
 3.48006E+03	 2.44148E+04
 3.48185E+03	 2.55406E+04
 3.48363E+03	 2.66683E+04
 3.48543E+03	 2.67128E+04
 3.48722E+03	 2.58949E+04
 3.48902E+03	 2.60938E+04
 3.49082E+03	 2.53211E+04
 3.49263E+03	 2.41043E+04
 3.49444E+03	 2.37092E+04
 3.49625E+03	 2.46158E+04
 3.49807E+03	 2.44415E+04
 3.49989E+03	 2.49115E+04
 3.50172E+03	 2.51131E+04
 3.50354E+03	 2.47709E+04
 3.50538E+03	 2.47855E+04
 3.50721E+03	 2.55583E+04
 3.50905E+03	 2.64976E+04
 3.51089E+03	 2.73403E+04
 3.51274E+03	 2.64698E+04
 3.51459E+03	 2.58824E+04
 3.51644E+03	 2.49008E+04
 3.51830E+03	 2.34604E+04
 3.52016E+03	 2.28248E+04
 3.52202E+03	 2.32573E+04
 3.52389E+03	 2.45826E+04
 3.52576E+03	 2.56773E+04
 3.52764E+03	 2.57129E+04
 3.52952E+03	 2.48796E+04
 3.53140E+03	 2.47777E+04
 3.53329E+03	 2.57421E+04
 3.53518E+03	 2.76770E+04
 3.53707E+03	 2.95846E+04
 3.53896E+03	 3.07414E+04
 3.54087E+03	 3.01592E+04
 3.54277E+03	 2.88205E+04
 3.54468E+03	 2.86391E+04
 3.54659E+03	 2.93384E+04
 3.54850E+03	 2.92411E+04
 3.55042E+03	 2.92332E+04
 3.55234E+03	 2.94192E+04
 3.55427E+03	 2.90460E+04
 3.55620E+03	 2.87786E+04
 3.55813E+03	 2.89169E+04
 3.56007E+03	 2.93967E+04
 3.56201E+03	 3.07292E+04
 3.56395E+03	 3.05511E+04
 3.56590E+03	 3.01240E+04
 3.56785E+03	 3.06466E+04
 3.56980E+03	 3.09409E+04
 3.57176E+03	 3.20400E+04
 3.57372E+03	 3.41958E+04
 3.57569E+03	 3.56967E+04
 3.57766E+03	 3.53920E+04
 3.57963E+03	 3.44330E+04
 3.58161E+03	 3.36613E+04
 3.58359E+03	 3.39096E+04
 3.58557E+03	 3.44549E+04
 3.58756E+03	 3.42950E+04
 3.58955E+03	 3.42567E+04
 3.59154E+03	 3.50660E+04
 3.59354E+03	 3.51730E+04
 3.59554E+03	 3.44685E+04
 3.59755E+03	 3.48397E+04
 3.59956E+03	 3.38950E+04
 3.60157E+03	 3.28919E+04
 3.60358E+03	 3.30293E+04
 3.60560E+03	 3.35580E+04
 3.60763E+03	 3.58330E+04
 3.60965E+03	 3.88901E+04
 3.61168E+03	 4.18866E+04
 3.61372E+03	 4.27058E+04
 3.61576E+03	 4.89661E+04
 3.61780E+03	 5.15795E+04
 3.61984E+03	 5.57301E+04
 3.62189E+03	 6.27054E+04
 3.62394E+03	 6.79148E+04
 3.62600E+03	 7.07205E+04
 3.62806E+03	 7.39654E+04
 3.63012E+03	 7.78396E+04
 3.63219E+03	 7.92502E+04
 3.63426E+03	 7.68435E+04
 3.63633E+03	 8.63227E+04
 3.63841E+03	 1.04993E+05
 3.64049E+03	 8.16710E+04
 3.64258E+03	 5.38513E+04
 3.64466E+03	 4.73396E+04
 3.64676E+03	 4.66719E+04
 3.64885E+03	 4.76812E+04
 3.65095E+03	 4.84546E+04
 3.65305E+03	 4.94376E+04
 3.65516E+03	 4.77910E+04
 3.65727E+03	 4.63689E+04
 3.65938E+03	 4.56730E+04
 3.66150E+03	 4.52021E+04
 3.66362E+03	 4.46982E+04
 3.66574E+03	 4.62397E+04
 3.66787E+03	 4.87209E+04
 3.67000E+03	 4.87768E+04
 3.67214E+03	 4.81373E+04
 3.67428E+03	 4.61094E+04
 3.67642E+03	 4.50189E+04
 3.67857E+03	 4.26030E+04
 3.68072E+03	 4.12311E+04
 3.68287E+03	 4.04135E+04
 3.68503E+03	 4.22360E+04
 3.68719E+03	 4.14269E+04
 3.68935E+03	 4.12590E+04
 3.69152E+03	 4.07336E+04
 3.69369E+03	 4.03785E+04
 3.69587E+03	 3.88846E+04
 3.69804E+03	 3.74797E+04
 3.70023E+03	 3.50912E+04
 3.70241E+03	 3.43252E+04
 3.70460E+03	 3.57778E+04
 3.70680E+03	 3.58317E+04
 3.70899E+03	 3.49460E+04
 3.71119E+03	 3.37666E+04
 3.71340E+03	 3.34302E+04
 3.71560E+03	 3.46209E+04
 3.71781E+03	 3.73005E+04
 3.72003E+03	 3.91131E+04
 3.72225E+03	 4.07137E+04
 3.72447E+03	 4.31674E+04
 3.72670E+03	 4.33563E+04
 3.72892E+03	 4.19099E+04
 3.73116E+03	 4.21867E+04
 3.73339E+03	 4.44090E+04
 3.73563E+03	 4.38899E+04
 3.73788E+03	 4.30199E+04
 3.74012E+03	 4.01905E+04
 3.74238E+03	 3.78745E+04
 3.74463E+03	 3.68462E+04
 3.74689E+03	 3.62654E+04
 3.74915E+03	 3.72423E+04
 3.75142E+03	 3.89914E+04
 3.75368E+03	 4.08539E+04
 3.75596E+03	 4.20499E+04
 3.75823E+03	 4.32953E+04
 3.76051E+03	 4.33509E+04
 3.76280E+03	 4.16061E+04
 3.76508E+03	 3.94277E+04
 3.76737E+03	 3.83785E+04
 3.76967E+03	 3.75775E+04
 3.77197E+03	 3.90929E+04
 3.77427E+03	 4.16498E+04
 3.77657E+03	 4.40790E+04
 3.77888E+03	 4.59057E+04
 3.78119E+03	 4.69283E+04
 3.78351E+03	 4.70847E+04
 3.78583E+03	 4.65868E+04
 3.78815E+03	 4.60375E+04
 3.79048E+03	 4.69599E+04
 3.79281E+03	 4.77165E+04
 3.79514E+03	 4.74001E+04
 3.79748E+03	 4.67478E+04
 3.79982E+03	 4.46945E+04
 3.80217E+03	 4.61102E+04
 3.80451E+03	 6.17696E+04
 3.80687E+03	 9.44333E+04
 3.80922E+03	 1.19568E+05
 3.81158E+03	 7.63946E+04
 3.81394E+03	 7.55426E+04
 3.81631E+03	 8.17111E+04
 3.81868E+03	 8.67175E+04
 3.82106E+03	 8.96104E+04
 3.82343E+03	 8.95230E+04
 3.82581E+03	 8.66090E+04
 3.82820E+03	 8.78981E+04
 3.83059E+03	 9.06527E+04
 3.83298E+03	 8.95590E+04
 3.83537E+03	 8.66275E+04
 3.83777E+03	 7.81237E+04
 3.84018E+03	 8.54660E+04
 3.84258E+03	 1.18820E+05
 3.84499E+03	 9.67651E+04
 3.84740E+03	 6.32916E+04
 3.84982E+03	 4.99328E+04
 3.85224E+03	 4.62969E+04
 3.85467E+03	 4.57217E+04
 3.85709E+03	 4.58312E+04
 3.85953E+03	 4.63228E+04
 3.86196E+03	 4.75855E+04
 3.86440E+03	 4.83277E+04
 3.86684E+03	 4.80179E+04
 3.86929E+03	 4.91786E+04
 3.87174E+03	 5.06089E+04
 3.87419E+03	 5.08034E+04
 3.87665E+03	 4.97625E+04
 3.87911E+03	 5.05387E+04
 3.88157E+03	 5.19455E+04
 3.88404E+03	 5.24411E+04
 3.88651E+03	 5.18341E+04
 3.88899E+03	 5.07068E+04
 3.89147E+03	 4.96476E+04
 3.89395E+03	 5.00799E+04
 3.89643E+03	 5.04895E+04
 3.89892E+03	 5.16919E+04
 3.90142E+03	 5.13091E+04
 3.90391E+03	 5.06059E+04
 3.90641E+03	 5.14416E+04
 3.90892E+03	 5.42494E+04
 3.91142E+03	 5.60168E+04
 3.91393E+03	 5.69113E+04
 3.91645E+03	 5.97323E+04
 3.91897E+03	 5.91628E+04
 3.92149E+03	 5.73499E+04
 3.92401E+03	 5.42968E+04
 3.92654E+03	 5.41142E+04
 3.92908E+03	 5.15336E+04
 3.93161E+03	 5.19006E+04
 3.93415E+03	 5.14188E+04
 3.93670E+03	 5.12967E+04
 3.93924E+03	 5.36546E+04
 3.94179E+03	 5.59677E+04
 3.94435E+03	 5.79543E+04
 3.94691E+03	 5.77096E+04
 3.94947E+03	 5.72748E+04
 3.95203E+03	 5.36819E+04
 3.95460E+03	 5.23216E+04
 3.95717E+03	 5.21719E+04
 3.95975E+03	 5.19888E+04
 3.96233E+03	 5.07788E+04
 3.96491E+03	 5.08813E+04
 3.96750E+03	 5.00264E+04
 3.97009E+03	 5.07760E+04
 3.97269E+03	 5.11073E+04
 3.97528E+03	 5.05172E+04
 3.97788E+03	 4.88973E+04
 3.98049E+03	 4.76929E+04
 3.98310E+03	 4.59160E+04
 3.98571E+03	 4.47594E+04
 3.98833E+03	 4.51481E+04
 3.99095E+03	 4.55496E+04
 3.99357E+03	 4.65986E+04
 3.99620E+03	 4.61285E+04
 3.99883E+03	 4.60564E+04
 4.00146E+03	 4.53757E+04
 4.00410E+03	 4.39899E+04
 4.00674E+03	 4.26400E+04
 4.00938E+03	 4.16816E+04
 4.01203E+03	 4.38382E+04
 4.01468E+03	 4.60632E+04
 4.01734E+03	 4.75917E+04
 4.02000E+03	 4.81307E+04
 4.02266E+03	 4.92874E+04
 4.02533E+03	 4.78439E+04
 4.02800E+03	 4.74144E+04
 4.03067E+03	 4.62327E+04
 4.03335E+03	 4.63287E+04
 4.03603E+03	 4.52722E+04
 4.03871E+03	 4.41061E+04
 4.04140E+03	 4.43464E+04
 4.04409E+03	 4.37913E+04
 4.04679E+03	 4.52302E+04
 4.04949E+03	 4.70856E+04
 4.05219E+03	 4.76571E+04
 4.05490E+03	 4.74399E+04
 4.05761E+03	 4.65791E+04
 4.06032E+03	 4.65480E+04
 4.06304E+03	 4.64991E+04
 4.06576E+03	 4.73327E+04
 4.06848E+03	 4.84162E+04
 4.07121E+03	 4.69832E+04
 4.07394E+03	 4.61485E+04
 4.07668E+03	 4.69247E+04
 4.07941E+03	 4.93980E+04
 4.08216E+03	 4.78818E+04
 4.08490E+03	 4.85485E+04
 4.08765E+03	 4.69675E+04
 4.09041E+03	 4.60330E+04
 4.09316E+03	 4.57340E+04
 4.09592E+03	 4.46119E+04
 4.09869E+03	 4.26725E+04
 4.10145E+03	 4.22536E+04
 4.10423E+03	 4.30595E+04
 4.10700E+03	 4.45420E+04
 4.10978E+03	 4.58103E+04
 4.11256E+03	 4.78548E+04
 4.11535E+03	 4.83329E+04
 4.11814E+03	 4.77045E+04
 4.12093E+03	 4.77663E+04
 4.12373E+03	 4.85837E+04
 4.12652E+03	 4.71640E+04
 4.12933E+03	 4.76736E+04
 4.13214E+03	 4.85914E+04
 4.13495E+03	 4.85395E+04
 4.13776E+03	 4.84208E+04
 4.14058E+03	 4.86279E+04
 4.14340E+03	 4.70779E+04
 4.14623E+03	 4.86321E+04
 4.14906E+03	 4.96615E+04
 4.15189E+03	 5.02783E+04
 4.15472E+03	 4.97238E+04
 4.15756E+03	 4.91169E+04
 4.16041E+03	 4.72006E+04
 4.16325E+03	 4.49812E+04
 4.16611E+03	 4.44498E+04
 4.16896E+03	 4.42904E+04
 4.17182E+03	 4.33840E+04
 4.17468E+03	 4.27819E+04
 4.17755E+03	 4.18020E+04
 4.18041E+03	 4.15689E+04
 4.18329E+03	 4.14043E+04
 4.18616E+03	 4.23872E+04
 4.18904E+03	 4.32478E+04
 4.19192E+03	 4.45062E+04
 4.19481E+03	 4.34159E+04
 4.19770E+03	 4.25084E+04
 4.20060E+03	 4.30013E+04
 4.20349E+03	 4.25264E+04
 4.20640E+03	 4.22497E+04
 4.20930E+03	 4.51694E+04
 4.21221E+03	 4.43154E+04
 4.21512E+03	 4.36004E+04
 4.21804E+03	 4.23340E+04
 4.22096E+03	 4.21057E+04
 4.22388E+03	 4.37740E+04
 4.22681E+03	 4.61745E+04
 4.22974E+03	 4.81210E+04
 4.23267E+03	 4.99997E+04
 4.23561E+03	 5.66939E+04
 4.23855E+03	 7.50624E+04
 4.24149E+03	 1.24859E+05
 4.24444E+03	 1.53176E+05
 4.24739E+03	 9.94577E+04
 4.25035E+03	 9.06012E+04
 4.25331E+03	 9.34471E+04
 4.25627E+03	 8.37774E+04
 4.25924E+03	 7.67779E+04
 4.26221E+03	 8.03934E+04
 4.26518E+03	 1.13382E+05
 4.26816E+03	 9.49606E+04
 4.27114E+03	 6.50653E+04
 4.27412E+03	 5.50929E+04
 4.27711E+03	 5.34821E+04
 4.28010E+03	 5.29233E+04
 4.28310E+03	 5.10291E+04
 4.28610E+03	 4.87336E+04
 4.28910E+03	 4.68971E+04
 4.29210E+03	 4.64805E+04
 4.29512E+03	 4.90463E+04
 4.29813E+03	 5.28258E+04
 4.30114E+03	 5.45513E+04
 4.30417E+03	 5.56058E+04
 4.30719E+03	 5.28988E+04
 4.31022E+03	 5.12919E+04
 4.31325E+03	 5.18345E+04
 4.31628E+03	 5.23731E+04
 4.31932E+03	 5.22472E+04
 4.32237E+03	 5.08684E+04
 4.32541E+03	 4.76132E+04
 4.32846E+03	 4.67118E+04
 4.33151E+03	 4.64821E+04
 4.33457E+03	 4.48355E+04
 4.33763E+03	 4.30807E+04
 4.34069E+03	 4.26403E+04
 4.34376E+03	 4.41314E+04
 4.34683E+03	 4.45072E+04
 4.34991E+03	 4.64651E+04
 4.35299E+03	 4.71087E+04
 4.35607E+03	 4.63588E+04
 4.35915E+03	 4.61326E+04
 4.36224E+03	 4.80164E+04
 4.36533E+03	 4.81035E+04
 4.36843E+03	 4.76229E+04
 4.37153E+03	 4.70260E+04
 4.37463E+03	 4.55092E+04
 4.37774E+03	 4.28412E+04
 4.38085E+03	 4.29674E+04
 4.38397E+03	 4.47680E+04
 4.38709E+03	 4.71228E+04
 4.39021E+03	 4.73706E+04
 4.39333E+03	 4.55795E+04
 4.39646E+03	 4.46772E+04
 4.39959E+03	 4.36514E+04
 4.40273E+03	 4.31229E+04
 4.40587E+03	 4.42467E+04
 4.40901E+03	 4.47472E+04
 4.41216E+03	 4.56353E+04
 4.41531E+03	 4.36246E+04
 4.41846E+03	 4.23540E+04
 4.42162E+03	 4.26840E+04
 4.42479E+03	 4.26318E+04
 4.42795E+03	 4.17142E+04
 4.43112E+03	 4.08860E+04
 4.43429E+03	 4.00482E+04
 4.43747E+03	 4.00799E+04
 4.44065E+03	 4.11226E+04
 4.44383E+03	 4.34466E+04
 4.44702E+03	 4.40744E+04
 4.45021E+03	 4.33876E+04
 4.45340E+03	 4.38165E+04
 4.45660E+03	 4.20885E+04
 4.45980E+03	 4.21045E+04
 4.46300E+03	 4.30690E+04
 4.46621E+03	 4.31721E+04
 4.46942E+03	 4.26771E+04
 4.47264E+03	 4.34119E+04
 4.47586E+03	 4.17646E+04
 4.47908E+03	 4.16715E+04
 4.48231E+03	 4.32385E+04
 4.48554E+03	 4.41584E+04
 4.48877E+03	 4.47835E+04
 4.49201E+03	 4.50824E+04
 4.49525E+03	 4.55262E+04
 4.49850E+03	 4.59648E+04
 4.50174E+03	 4.57440E+04
 4.50500E+03	 4.45095E+04
 4.50825E+03	 4.31199E+04
 4.51151E+03	 4.22873E+04
 4.51477E+03	 4.30256E+04
 4.51804E+03	 4.36915E+04
 4.52131E+03	 4.28601E+04
 4.52458E+03	 4.12590E+04
 4.52786E+03	 4.11918E+04
 4.53114E+03	 4.08992E+04
 4.53442E+03	 3.97956E+04
 4.53771E+03	 3.87057E+04
 4.54100E+03	 3.87712E+04
 4.54430E+03	 3.87144E+04
 4.54760E+03	 3.96732E+04
 4.55090E+03	 4.14554E+04
 4.55421E+03	 4.25493E+04
 4.55752E+03	 4.20799E+04
 4.56083E+03	 4.16771E+04
 4.56415E+03	 4.04222E+04
 4.56747E+03	 3.99354E+04
 4.57079E+03	 3.98073E+04
 4.57412E+03	 4.16389E+04
 4.57745E+03	 4.08770E+04
 4.58078E+03	 3.96097E+04
 4.58412E+03	 3.95239E+04
 4.58746E+03	 4.16545E+04
 4.59081E+03	 4.26648E+04
 4.59416E+03	 4.40613E+04
 4.59751E+03	 4.56032E+04
 4.60087E+03	 4.41974E+04
 4.60423E+03	 4.22078E+04
 4.60759E+03	 4.07206E+04
 4.61096E+03	 4.09829E+04
 4.61433E+03	 4.27399E+04
 4.61771E+03	 5.49314E+04
 4.62108E+03	 6.82473E+04
 4.62446E+03	 6.81949E+04
 4.62785E+03	 6.70621E+04
 4.63124E+03	 6.91047E+04
 4.63463E+03	 6.68491E+04
 4.63803E+03	 6.18360E+04
 4.64143E+03	 5.92775E+04
 4.64483E+03	 6.13516E+04
 4.64824E+03	 6.69402E+04
 4.65165E+03	 7.62281E+04
 4.65507E+03	 6.46071E+04
 4.65848E+03	 4.82181E+04
 4.66191E+03	 4.66816E+04
 4.66533E+03	 4.49681E+04
 4.66876E+03	 4.35573E+04
 4.67219E+03	 4.26468E+04
 4.67563E+03	 4.04964E+04
 4.67907E+03	 4.00562E+04
 4.68251E+03	 4.11224E+04
 4.68596E+03	 4.06790E+04
 4.68941E+03	 4.08634E+04
 4.69286E+03	 4.08147E+04
 4.69632E+03	 4.15000E+04
 4.69978E+03	 4.07468E+04
 4.70325E+03	 4.09427E+04
 4.70672E+03	 4.17843E+04
 4.71019E+03	 4.16396E+04
 4.71367E+03	 4.06446E+04
 4.71715E+03	 3.89948E+04
 4.72063E+03	 3.71941E+04
 4.72412E+03	 3.76291E+04
 4.72761E+03	 3.73408E+04
 4.73110E+03	 3.75239E+04
 4.73460E+03	 3.84568E+04
 4.73810E+03	 4.49102E+04
 4.74160E+03	 5.99994E+04
 4.74511E+03	 1.12284E+05
 4.74862E+03	 1.38752E+05
 4.75214E+03	 1.07508E+05
 4.75566E+03	 1.24374E+05
 4.75918E+03	 9.83166E+04
 4.76271E+03	 1.06309E+05
 4.76624E+03	 1.10627E+05
 4.76977E+03	 1.11078E+05
 4.77330E+03	 1.06107E+05
 4.77685E+03	 1.31109E+05
 4.78039E+03	 1.14192E+05
 4.78394E+03	 1.48332E+05
 4.78749E+03	 1.14981E+05
 4.79105E+03	 6.29229E+04
 4.79461E+03	 4.52153E+04
 4.79817E+03	 3.96153E+04
 4.80174E+03	 3.87823E+04
 4.80530E+03	 3.85323E+04
 4.80888E+03	 3.81949E+04
 4.81246E+03	 3.80764E+04
 4.81604E+03	 3.91526E+04
 4.81962E+03	 4.05580E+04
 4.82321E+03	 4.00033E+04
 4.82680E+03	 4.02611E+04
 4.83039E+03	 3.91954E+04
 4.83399E+03	 3.94536E+04
 4.83760E+03	 3.83866E+04
 4.84120E+03	 3.82165E+04
 4.84481E+03	 3.65551E+04
 4.84843E+03	 3.75476E+04
 4.85204E+03	 3.86003E+04
 4.85566E+03	 3.98270E+04
 4.85929E+03	 4.05205E+04
 4.86291E+03	 4.06122E+04
 4.86654E+03	 4.04506E+04
 4.87018E+03	 4.08316E+04
 4.87382E+03	 4.00034E+04
 4.87746E+03	 3.93177E+04
 4.88110E+03	 3.82472E+04
 4.88476E+03	 3.68944E+04
 4.88841E+03	 3.74557E+04
 4.89207E+03	 3.83546E+04
 4.89573E+03	 3.84309E+04
 4.89939E+03	 3.86923E+04
 4.90306E+03	 3.91160E+04
 4.90672E+03	 3.88822E+04
 4.91040E+03	 3.87917E+04
 4.91408E+03	 3.83556E+04
 4.91776E+03	 3.82291E+04
 4.92145E+03	 3.88378E+04
 4.92514E+03	 3.93735E+04
 4.92883E+03	 3.94361E+04
 4.93253E+03	 4.03338E+04
 4.93623E+03	 4.07994E+04
 4.93993E+03	 4.15397E+04
 4.94363E+03	 4.16705E+04
 4.94735E+03	 4.08254E+04
 4.95106E+03	 3.91988E+04
 4.95478E+03	 3.89222E+04
 4.95850E+03	 3.80603E+04
 4.96223E+03	 3.80075E+04
 4.96595E+03	 3.68470E+04
 4.96968E+03	 3.53832E+04
 4.97342E+03	 3.47659E+04
 4.97717E+03	 3.42385E+04
 4.98090E+03	 3.54659E+04
 4.98466E+03	 3.61604E+04
 4.98840E+03	 3.68681E+04
 4.99216E+03	 3.57693E+04
 4.99592E+03	 3.57012E+04
 4.99967E+03	 3.61110E+04
 5.00344E+03	 3.62633E+04
 5.00721E+03	 3.59247E+04
 5.01098E+03	 3.58477E+04
 5.01476E+03	 3.50160E+04
 5.01854E+03	 3.32366E+04
 5.02232E+03	 3.22615E+04
 5.02611E+03	 3.32402E+04
 5.02989E+03	 3.61518E+04
 5.03369E+03	 3.83126E+04
 5.03749E+03	 3.84736E+04
 5.04129E+03	 3.75197E+04
 5.04509E+03	 3.67962E+04
 5.04890E+03	 3.57069E+04
 5.05271E+03	 3.65493E+04
 5.05653E+03	 3.60867E+04
 5.06035E+03	 3.55385E+04
 5.06418E+03	 3.37589E+04
 5.06800E+03	 3.34462E+04
 5.07182E+03	 3.32020E+04
 5.07566E+03	 3.26232E+04
 5.07950E+03	 3.27293E+04
 5.08334E+03	 3.40395E+04
 5.08718E+03	 3.48973E+04
 5.09103E+03	 3.66529E+04
 5.09488E+03	 3.72681E+04
 5.09874E+03	 3.69078E+04
 5.10260E+03	 3.80522E+04
 5.10646E+03	 3.63830E+04
 5.11033E+03	 3.44934E+04
 5.11420E+03	 3.26376E+04
 5.11807E+03	 3.30233E+04
 5.12194E+03	 3.27089E+04
 5.12583E+03	 3.35533E+04
 5.12971E+03	 3.30811E+04
 5.13360E+03	 3.31088E+04
 5.13750E+03	 3.36097E+04
 5.14138E+03	 3.52474E+04
 5.14529E+03	 3.60000E+04
 5.14919E+03	 3.55129E+04
 5.15308E+03	 3.39164E+04
 5.15700E+03	 3.20743E+04
 5.16091E+03	 3.01065E+04
 5.16483E+03	 3.03910E+04
 5.16875E+03	 3.27687E+04
 5.17267E+03	 3.40624E+04
 5.17660E+03	 3.48966E+04
 5.18053E+03	 3.43772E+04
 5.18446E+03	 3.34181E+04
 5.18841E+03	 3.19446E+04
 5.19235E+03	 3.13274E+04
 5.19629E+03	 3.07085E+04
 5.20025E+03	 3.01516E+04
 5.20420E+03	 2.96327E+04
 5.20815E+03	 2.97730E+04
 5.21211E+03	 3.01758E+04
 5.21608E+03	 2.96367E+04
 5.22004E+03	 2.91825E+04
 5.22401E+03	 2.88718E+04
 5.22798E+03	 2.88947E+04
 5.23197E+03	 2.99403E+04
 5.23595E+03	 3.10941E+04
 5.23993E+03	 3.22821E+04
 5.24392E+03	 3.23902E+04
 5.24791E+03	 3.20787E+04
 5.25191E+03	 3.19634E+04
 5.25591E+03	 3.20905E+04
 5.25991E+03	 3.25584E+04
 5.26393E+03	 3.15963E+04
 5.26793E+03	 3.00760E+04
 5.27195E+03	 2.89238E+04
 5.27596E+03	 2.90048E+04
 5.27998E+03	 2.93112E+04
 5.28401E+03	 2.95097E+04
 5.28804E+03	 2.93005E+04
 5.29207E+03	 2.80978E+04
 5.29611E+03	 2.77507E+04
 5.30014E+03	 2.75007E+04
 5.30419E+03	 2.89989E+04
 5.30824E+03	 3.02850E+04
 5.31228E+03	 3.11930E+04
 5.31634E+03	 3.00447E+04
 5.32040E+03	 2.97274E+04
 5.32446E+03	 2.92838E+04
 5.32853E+03	 3.08983E+04
 5.33259E+03	 3.13514E+04
 5.33667E+03	 3.06139E+04
 5.34075E+03	 3.02826E+04
 5.34482E+03	 2.94847E+04
 5.34890E+03	 2.84458E+04
 5.35300E+03	 2.75323E+04
 5.35708E+03	 2.69451E+04
 5.36118E+03	 2.73772E+04
 5.36528E+03	 2.84933E+04
 5.36938E+03	 2.97841E+04
 5.37349E+03	 3.17512E+04
 5.37759E+03	 3.28354E+04
 5.38171E+03	 3.28395E+04
 5.38582E+03	 3.21642E+04
 5.38994E+03	 3.17976E+04
 5.39406E+03	 3.19984E+04
 5.39819E+03	 3.16636E+04
 5.40232E+03	 3.09779E+04
 5.40645E+03	 2.92919E+04
 5.41059E+03	 2.88085E+04
 5.41473E+03	 2.83305E+04
 5.41888E+03	 2.85902E+04
 5.42302E+03	 2.80652E+04
 5.42717E+03	 2.84738E+04
 5.43132E+03	 2.70764E+04
 5.43548E+03	 2.66969E+04
 5.43965E+03	 2.65768E+04
 5.44381E+03	 2.60803E+04
 5.44799E+03	 2.55762E+04
 5.45216E+03	 2.61013E+04
 5.45633E+03	 2.63465E+04
 5.46051E+03	 2.67489E+04
 5.46470E+03	 2.67141E+04
 5.46889E+03	 2.64648E+04
 5.47307E+03	 2.58138E+04
 5.47727E+03	 2.59586E+04
 5.48147E+03	 2.59514E+04
 5.48567E+03	 2.58611E+04
 5.48988E+03	 2.57167E+04
 5.49408E+03	 2.65562E+04
 5.49830E+03	 2.78433E+04
 5.50252E+03	 2.81453E+04
 5.50674E+03	 2.64979E+04
 5.51095E+03	 2.55589E+04
 5.51519E+03	 2.57677E+04
 5.51941E+03	 2.64301E+04
 5.52365E+03	 2.63188E+04
 5.52789E+03	 2.67148E+04
 5.53212E+03	 2.65989E+04
 5.53638E+03	 2.69641E+04
 5.54062E+03	 2.68037E+04
 5.54488E+03	 2.62091E+04
 5.54914E+03	 2.72904E+04
 5.55340E+03	 2.69729E+04
 5.55766E+03	 2.63037E+04
 5.56193E+03	 2.67483E+04
 5.56620E+03	 2.75501E+04
 5.57048E+03	 2.70005E+04
 5.57475E+03	 2.64842E+04
 5.57902E+03	 2.59252E+04
 5.58332E+03	 2.68739E+04
 5.58759E+03	 2.75583E+04
 5.59190E+03	 2.87180E+04
 5.59620E+03	 3.01792E+04
 5.60051E+03	 3.05604E+04
 5.60480E+03	 2.98500E+04
 5.60911E+03	 2.97093E+04
 5.61341E+03	 2.68117E+04
 5.61773E+03	 2.51237E+04
 5.62205E+03	 2.43178E+04
 5.62637E+03	 2.53487E+04
 5.63069E+03	 2.54176E+04
 5.63503E+03	 2.65563E+04
 5.63934E+03	 2.61901E+04
 5.64370E+03	 2.58132E+04
 5.64803E+03	 2.51902E+04
 5.65237E+03	 2.47424E+04
 5.65672E+03	 2.40900E+04
 5.66106E+03	 2.38143E+04
 5.66544E+03	 2.39391E+04
 5.66978E+03	 2.44633E+04
 5.67415E+03	 2.83041E+04
 5.67850E+03	 2.83367E+04
