 3.41705E+03	 1.31206E+04
 3.41876E+03	 1.24726E+04
 3.42048E+03	 1.21924E+04
 3.42219E+03	 1.21875E+04
 3.42391E+03	 1.33424E+04
 3.42563E+03	 1.43403E+04
 3.42736E+03	 1.52853E+04
 3.42909E+03	 1.51736E+04
 3.43082E+03	 1.46583E+04
 3.43256E+03	 1.44232E+04
 3.43430E+03	 1.44702E+04
 3.43604E+03	 1.44712E+04
 3.43779E+03	 1.40736E+04
 3.43954E+03	 1.31383E+04
 3.44129E+03	 1.26656E+04
 3.44305E+03	 1.26826E+04
 3.44481E+03	 1.28089E+04
 3.44657E+03	 1.24720E+04
 3.44834E+03	 1.24038E+04
 3.45011E+03	 1.24405E+04
 3.45188E+03	 1.26791E+04
 3.45365E+03	 1.30066E+04
 3.45543E+03	 1.31575E+04
 3.45722E+03	 1.29092E+04
 3.45900E+03	 1.27221E+04
 3.46079E+03	 1.25725E+04
 3.46258E+03	 1.31326E+04
 3.46438E+03	 1.41239E+04
 3.46618E+03	 1.51055E+04
 3.46798E+03	 1.51556E+04
 3.46979E+03	 1.44528E+04
 3.47160E+03	 1.37953E+04
 3.47341E+03	 1.35086E+04
 3.47522E+03	 1.38669E+04
 3.47704E+03	 1.41807E+04
 3.47887E+03	 1.39558E+04
 3.48069E+03	 1.33223E+04
 3.48252E+03	 1.34745E+04
 3.48435E+03	 1.43127E+04
 3.48619E+03	 1.50180E+04
 3.48803E+03	 1.55640E+04
 3.48987E+03	 1.48825E+04
 3.49172E+03	 1.41088E+04
 3.49356E+03	 1.33363E+04
 3.49542E+03	 1.33556E+04
 3.49727E+03	 1.37154E+04
 3.49913E+03	 1.39128E+04
 3.50099E+03	 1.35764E+04
 3.50286E+03	 1.31573E+04
 3.50473E+03	 1.29345E+04
 3.50660E+03	 1.32083E+04
 3.50848E+03	 1.32698E+04
 3.51035E+03	 1.34030E+04
 3.51223E+03	 1.37469E+04
 3.51412E+03	 1.44940E+04
 3.51601E+03	 1.53593E+04
 3.51790E+03	 1.53492E+04
 3.51980E+03	 1.44904E+04
 3.52169E+03	 1.33038E+04
 3.52360E+03	 1.32382E+04
 3.52550E+03	 1.41744E+04
 3.52741E+03	 1.46878E+04
 3.52932E+03	 1.49936E+04
 3.53124E+03	 1.42636E+04
 3.53316E+03	 1.37186E+04
 3.53508E+03	 1.31536E+04
 3.53700E+03	 1.30836E+04
 3.53893E+03	 1.36343E+04
 3.54086E+03	 1.43976E+04
 3.54280E+03	 1.47093E+04
 3.54474E+03	 1.43220E+04
 3.54668E+03	 1.39086E+04
 3.54862E+03	 1.41327E+04
 3.55057E+03	 1.45554E+04
 3.55252E+03	 1.47078E+04
 3.55448E+03	 1.48088E+04
 3.55644E+03	 1.49535E+04
 3.55840E+03	 1.47412E+04
 3.56036E+03	 1.45918E+04
 3.56233E+03	 1.41845E+04
 3.56430E+03	 1.41631E+04
 3.56628E+03	 1.42784E+04
 3.56826E+03	 1.49341E+04
 3.57024E+03	 1.53520E+04
 3.57222E+03	 1.51100E+04
 3.57421E+03	 1.44366E+04
 3.57620E+03	 1.39436E+04
 3.57820E+03	 1.48304E+04
 3.58020E+03	 1.60358E+04
 3.58220E+03	 1.63149E+04
 3.58420E+03	 1.64431E+04
 3.58621E+03	 1.58939E+04
 3.58822E+03	 1.53646E+04
 3.59024E+03	 1.46903E+04
 3.59225E+03	 1.50714E+04
 3.59427E+03	 1.63035E+04
 3.59630E+03	 1.82365E+04
 3.59833E+03	 2.03916E+04
 3.60036E+03	 2.21752E+04
 3.60239E+03	 2.20910E+04
 3.60443E+03	 2.12898E+04
 3.60647E+03	 2.12688E+04
 3.60852E+03	 2.17247E+04
 3.61056E+03	 2.18368E+04
 3.61261E+03	 2.18445E+04
 3.61467E+03	 2.25627E+04
 3.61673E+03	 2.39592E+04
 3.61879E+03	 2.56002E+04
 3.62085E+03	 2.63738E+04
 3.62292E+03	 2.56167E+04
 3.62499E+03	 2.36747E+04
 3.62707E+03	 2.19283E+04
 3.62914E+03	 2.16901E+04
 3.63122E+03	 2.19393E+04
 3.63331E+03	 2.23839E+04
 3.63540E+03	 2.20512E+04
 3.63749E+03	 2.13817E+04
 3.63958E+03	 2.10896E+04
 3.64168E+03	 2.20923E+04
 3.64378E+03	 2.36969E+04
 3.64588E+03	 2.70053E+04
 3.64799E+03	 2.97299E+04
 3.65010E+03	 3.23857E+04
 3.65222E+03	 3.55759E+04
 3.65433E+03	 3.80676E+04
 3.65645E+03	 4.10576E+04
 3.65858E+03	 4.49658E+04
 3.66070E+03	 5.02216E+04
 3.66284E+03	 5.56897E+04
 3.66497E+03	 6.02210E+04
 3.66711E+03	 6.53460E+04
 3.66925E+03	 6.97450E+04
 3.67139E+03	 7.38152E+04
 3.67354E+03	 7.61666E+04
 3.67569E+03	 7.54504E+04
 3.67784E+03	 7.59901E+04
 3.68000E+03	 7.50027E+04
 3.68216E+03	 7.34104E+04
 3.68432E+03	 7.25709E+04
 3.68649E+03	 7.14091E+04
 3.68866E+03	 6.85213E+04
 3.69084E+03	 6.41740E+04
 3.69301E+03	 5.98363E+04
 3.69519E+03	 5.48056E+04
 3.69738E+03	 4.83500E+04
 3.69956E+03	 4.37220E+04
 3.70175E+03	 3.95522E+04
 3.70395E+03	 3.65629E+04
 3.70614E+03	 3.36048E+04
 3.70834E+03	 3.20046E+04
 3.71055E+03	 3.09872E+04
 3.71276E+03	 3.11673E+04
 3.71497E+03	 3.17729E+04
 3.71718E+03	 3.08586E+04
 3.71940E+03	 2.85217E+04
 3.72162E+03	 2.60855E+04
 3.72384E+03	 2.37115E+04
 3.72607E+03	 2.25412E+04
 3.72830E+03	 2.17004E+04
 3.73053E+03	 2.01172E+04
 3.73277E+03	 1.88252E+04
 3.73501E+03	 1.79893E+04
 3.73725E+03	 1.77334E+04
 3.73950E+03	 1.81962E+04
 3.74175E+03	 1.83497E+04
 3.74400E+03	 1.92468E+04
 3.74626E+03	 2.00659E+04
 3.74852E+03	 2.03951E+04
 3.75078E+03	 1.98525E+04
 3.75305E+03	 1.95141E+04
 3.75532E+03	 1.88447E+04
 3.75759E+03	 1.74379E+04
 3.75986E+03	 1.67742E+04
 3.76215E+03	 1.60647E+04
 3.76443E+03	 1.55485E+04
 3.76671E+03	 1.50061E+04
 3.76900E+03	 1.54463E+04
 3.77130E+03	 1.58258E+04
 3.77359E+03	 1.62050E+04
 3.77589E+03	 1.65087E+04
 3.77820E+03	 1.72480E+04
 3.78050E+03	 1.77751E+04
 3.78281E+03	 1.77773E+04
 3.78512E+03	 1.76242E+04
 3.78744E+03	 1.73435E+04
 3.78976E+03	 1.76106E+04
 3.79208E+03	 1.82853E+04
 3.79441E+03	 1.82700E+04
 3.79674E+03	 1.74133E+04
 3.79907E+03	 1.63820E+04
 3.80141E+03	 1.56778E+04
 3.80375E+03	 1.56009E+04
 3.80609E+03	 1.64646E+04
 3.80844E+03	 1.78976E+04
 3.81079E+03	 1.97795E+04
 3.81314E+03	 2.01710E+04
 3.81549E+03	 1.98894E+04
 3.81785E+03	 1.93304E+04
 3.82022E+03	 1.94630E+04
 3.82258E+03	 1.97519E+04
 3.82495E+03	 2.05140E+04
 3.82732E+03	 2.12550E+04
 3.82970E+03	 2.13186E+04
 3.83208E+03	 2.21335E+04
 3.83446E+03	 2.34863E+04
 3.83685E+03	 2.51632E+04
 3.83924E+03	 2.66850E+04
 3.84163E+03	 2.86809E+04
 3.84403E+03	 3.15025E+04
 3.84642E+03	 3.40282E+04
 3.84883E+03	 3.56685E+04
 3.85123E+03	 3.69823E+04
 3.85364E+03	 3.83700E+04
 3.85605E+03	 4.09029E+04
 3.85847E+03	 4.38095E+04
 3.86089E+03	 4.60701E+04
 3.86331E+03	 4.79110E+04
 3.86574E+03	 4.97923E+04
 3.86817E+03	 5.05154E+04
 3.87060E+03	 5.06302E+04
 3.87303E+03	 4.92792E+04
 3.87547E+03	 4.70997E+04
 3.87791E+03	 4.54780E+04
 3.88036E+03	 4.45075E+04
 3.88281E+03	 4.33127E+04
 3.88526E+03	 4.15003E+04
 3.88772E+03	 3.92586E+04
 3.89018E+03	 3.69574E+04
 3.89264E+03	 3.52008E+04
 3.89510E+03	 3.40536E+04
 3.89757E+03	 3.38264E+04
 3.90004E+03	 3.38109E+04
 3.90252E+03	 3.42001E+04
 3.90500E+03	 3.54956E+04
 3.90748E+03	 3.71538E+04
 3.90996E+03	 3.76966E+04
 3.91245E+03	 3.92885E+04
 3.91495E+03	 4.05319E+04
 3.91744E+03	 4.17494E+04
 3.91994E+03	 4.26206E+04
 3.92244E+03	 4.54538E+04
 3.92495E+03	 4.84513E+04
 3.92745E+03	 4.89518E+04
 3.92997E+03	 4.94305E+04
 3.93248E+03	 4.84743E+04
 3.93500E+03	 4.89683E+04
 3.93752E+03	 4.94546E+04
 3.94005E+03	 4.99568E+04
 3.94258E+03	 4.95175E+04
 3.94511E+03	 4.94706E+04
 3.94764E+03	 4.45119E+04
 3.95018E+03	 4.02707E+04
 3.95272E+03	 3.79172E+04
 3.95527E+03	 3.65041E+04
 3.95782E+03	 3.60474E+04
 3.96037E+03	 3.62786E+04
 3.96292E+03	 3.53094E+04
 3.96548E+03	 3.47384E+04
 3.96804E+03	 3.44290E+04
 3.97061E+03	 3.41721E+04
 3.97317E+03	 3.41112E+04
 3.97575E+03	 3.34840E+04
 3.97832E+03	 3.26216E+04
 3.98090E+03	 3.23667E+04
 3.98348E+03	 3.36300E+04
 3.98606E+03	 3.30623E+04
 3.98865E+03	 3.18891E+04
 3.99124E+03	 3.02275E+04
 3.99384E+03	 2.93521E+04
 3.99644E+03	 2.82762E+04
 3.99904E+03	 2.82142E+04
 4.00164E+03	 2.84891E+04
 4.00425E+03	 2.86647E+04
 4.00686E+03	 2.84229E+04
 4.00948E+03	 2.88370E+04
 4.01209E+03	 2.84351E+04
 4.01472E+03	 2.93297E+04
 4.01734E+03	 2.93451E+04
 4.01997E+03	 2.87216E+04
 4.02260E+03	 2.82849E+04
 4.02523E+03	 2.90609E+04
 4.02787E+03	 2.88712E+04
 4.03051E+03	 2.86584E+04
 4.03316E+03	 2.88348E+04
 4.03580E+03	 2.96477E+04
 4.03846E+03	 2.93995E+04
 4.04111E+03	 2.88151E+04
 4.04377E+03	 2.78281E+04
 4.04643E+03	 2.68233E+04
 4.04909E+03	 2.68621E+04
 4.05176E+03	 2.78731E+04
 4.05443E+03	 2.86115E+04
 4.05710E+03	 2.99208E+04
 4.05978E+03	 3.16807E+04
 4.06246E+03	 3.32581E+04
 4.06515E+03	 3.39109E+04
 4.06783E+03	 3.33526E+04
 4.07053E+03	 3.19843E+04
 4.07322E+03	 3.16915E+04
 4.07592E+03	 3.16654E+04
 4.07862E+03	 3.16114E+04
 4.08132E+03	 3.21309E+04
 4.08403E+03	 3.29400E+04
 4.08674E+03	 3.27578E+04
 4.08945E+03	 3.14168E+04
 4.09217E+03	 2.98288E+04
 4.09489E+03	 2.86653E+04
 4.09762E+03	 2.88125E+04
 4.10034E+03	 2.90546E+04
 4.10307E+03	 3.00389E+04
 4.10581E+03	 3.00280E+04
 4.10854E+03	 2.96618E+04
 4.11129E+03	 2.89356E+04
 4.11403E+03	 2.78736E+04
 4.11678E+03	 2.72398E+04
 4.11953E+03	 2.80876E+04
 4.12228E+03	 2.99085E+04
 4.12504E+03	 3.18054E+04
 4.12780E+03	 3.30788E+04
 4.13056E+03	 3.33920E+04
 4.13333E+03	 3.39291E+04
 4.13610E+03	 3.52549E+04
 4.13887E+03	 3.73975E+04
 4.14165E+03	 3.87176E+04
 4.14443E+03	 3.94114E+04
 4.14721E+03	 3.88774E+04
 4.15000E+03	 3.94221E+04
 4.15279E+03	 4.04720E+04
 4.15558E+03	 4.00531E+04
 4.15838E+03	 3.91853E+04
 4.16118E+03	 3.67969E+04
 4.16398E+03	 3.48014E+04
 4.16679E+03	 3.23145E+04
 4.16960E+03	 3.19313E+04
 4.17241E+03	 3.18385E+04
 4.17523E+03	 3.13288E+04
 4.17805E+03	 3.05883E+04
 4.18087E+03	 3.12999E+04
 4.18370E+03	 3.09802E+04
 4.18653E+03	 3.02557E+04
 4.18936E+03	 2.99658E+04
 4.19220E+03	 2.99571E+04
 4.19504E+03	 2.88423E+04
 4.19788E+03	 2.83024E+04
 4.20073E+03	 2.77717E+04
 4.20358E+03	 2.78306E+04
 4.20643E+03	 2.69745E+04
 4.20929E+03	 2.69731E+04
 4.21215E+03	 2.61973E+04
 4.21501E+03	 2.56009E+04
 4.21788E+03	 2.52899E+04
 4.22075E+03	 2.55927E+04
 4.22362E+03	 2.68242E+04
 4.22650E+03	 2.81073E+04
 4.22938E+03	 2.92904E+04
 4.23226E+03	 3.01852E+04
 4.23515E+03	 3.10862E+04
 4.23804E+03	 3.11486E+04
 4.24093E+03	 3.12736E+04
 4.24383E+03	 3.23815E+04
 4.24673E+03	 3.39426E+04
 4.24963E+03	 3.44090E+04
 4.25254E+03	 3.37481E+04
 4.25545E+03	 3.33030E+04
 4.25836E+03	 3.27600E+04
 4.26127E+03	 3.17606E+04
 4.26419E+03	 3.06843E+04
 4.26712E+03	 3.00104E+04
 4.27004E+03	 2.94112E+04
 4.27297E+03	 2.88357E+04
 4.27591E+03	 2.81601E+04
 4.27884E+03	 2.87787E+04
 4.28178E+03	 2.97078E+04
 4.28472E+03	 3.10872E+04
 4.28767E+03	 3.17966E+04
 4.29062E+03	 3.08838E+04
 4.29357E+03	 2.99198E+04
 4.29653E+03	 3.02820E+04
 4.29949E+03	 3.08966E+04
 4.30245E+03	 3.03554E+04
 4.30541E+03	 2.97437E+04
 4.30838E+03	 2.86813E+04
 4.31136E+03	 2.78685E+04
 4.31433E+03	 2.85778E+04
 4.31731E+03	 2.99711E+04
 4.32029E+03	 3.12349E+04
 4.32328E+03	 3.17188E+04
 4.32627E+03	 3.26868E+04
 4.32926E+03	 3.32217E+04
 4.33226E+03	 3.28457E+04
 4.33525E+03	 3.17771E+04
 4.33826E+03	 3.11525E+04
 4.34126E+03	 3.05928E+04
 4.34427E+03	 3.07230E+04
 4.34729E+03	 3.01483E+04
 4.35030E+03	 2.92806E+04
 4.35332E+03	 2.85484E+04
 4.35634E+03	 2.78504E+04
 4.35937E+03	 2.77504E+04
 4.36240E+03	 2.82952E+04
 4.36543E+03	 2.79142E+04
 4.36846E+03	 2.66014E+04
 4.37150E+03	 2.55874E+04
 4.37454E+03	 2.54543E+04
 4.37759E+03	 2.54604E+04
 4.38064E+03	 2.56973E+04
 4.38369E+03	 2.71828E+04
 4.38675E+03	 2.79769E+04
 4.38980E+03	 2.79337E+04
 4.39287E+03	 2.71310E+04
 4.39593E+03	 2.66777E+04
 4.39900E+03	 2.59180E+04
 4.40207E+03	 2.62414E+04
 4.40515E+03	 2.69392E+04
 4.40823E+03	 2.75257E+04
 4.41131E+03	 2.77092E+04
 4.41439E+03	 2.83474E+04
 4.41748E+03	 2.91112E+04
 4.42057E+03	 3.04340E+04
 4.42367E+03	 3.09677E+04
 4.42677E+03	 3.12118E+04
 4.42987E+03	 3.12426E+04
 4.43297E+03	 3.14306E+04
 4.43608E+03	 3.16837E+04
 4.43919E+03	 3.13684E+04
 4.44231E+03	 3.09624E+04
 4.44543E+03	 3.10832E+04
 4.44855E+03	 3.09526E+04
 4.45167E+03	 3.17632E+04
 4.45480E+03	 3.13959E+04
 4.45793E+03	 3.04006E+04
 4.46107E+03	 2.91914E+04
 4.46421E+03	 2.88740E+04
 4.46735E+03	 2.85282E+04
 4.47049E+03	 2.85921E+04
 4.47364E+03	 2.90319E+04
 4.47679E+03	 2.94963E+04
 4.47995E+03	 2.97631E+04
 4.48311E+03	 2.95593E+04
 4.48627E+03	 2.95546E+04
 4.48943E+03	 2.84550E+04
 4.49260E+03	 2.79678E+04
 4.49577E+03	 2.80675E+04
 4.49895E+03	 2.80071E+04
 4.50212E+03	 2.75835E+04
 4.50530E+03	 2.78974E+04
 4.50849E+03	 2.85173E+04
 4.51168E+03	 2.80288E+04
 4.51487E+03	 2.73625E+04
 4.51806E+03	 2.70954E+04
 4.52126E+03	 2.73453E+04
 4.52446E+03	 2.68001E+04
 4.52767E+03	 2.67742E+04
 4.53088E+03	 2.71533E+04
 4.53409E+03	 2.83807E+04
 4.53730E+03	 2.85972E+04
 4.54052E+03	 2.94940E+04
 4.54374E+03	 3.04749E+04
 4.54696E+03	 3.13124E+04
 4.55019E+03	 3.06331E+04
 4.55342E+03	 3.02974E+04
 4.55666E+03	 2.96328E+04
 4.55990E+03	 2.85372E+04
 4.56314E+03	 2.74145E+04
 4.56638E+03	 2.67368E+04
 4.56963E+03	 2.65104E+04
 4.57288E+03	 2.71235E+04
 4.57613E+03	 2.78063E+04
 4.57939E+03	 2.80593E+04
 4.58265E+03	 2.74550E+04
 4.58592E+03	 2.64923E+04
 4.58918E+03	 2.61837E+04
 4.59246E+03	 2.58905E+04
 4.59573E+03	 2.56497E+04
 4.59900E+03	 2.58476E+04
 4.60229E+03	 2.60253E+04
 4.60557E+03	 2.65025E+04
 4.60886E+03	 2.63269E+04
 4.61215E+03	 2.60969E+04
 4.61544E+03	 2.61923E+04
 4.61874E+03	 2.62127E+04
 4.62204E+03	 2.59756E+04
 4.62535E+03	 2.64209E+04
 4.62865E+03	 2.63563E+04
 4.63196E+03	 2.58882E+04
 4.63528E+03	 2.58002E+04
 4.63860E+03	 2.62441E+04
 4.64192E+03	 2.65451E+04
 4.64524E+03	 2.75091E+04
 4.64857E+03	 2.88072E+04
 4.65189E+03	 2.99187E+04
 4.65523E+03	 3.00732E+04
 4.65857E+03	 2.95274E+04
 4.66190E+03	 2.83582E+04
 4.66525E+03	 2.72460E+04
 4.66860E+03	 2.65551E+04
 4.67195E+03	 2.57789E+04
 4.67530E+03	 2.56700E+04
 4.67866E+03	 2.61967E+04
 4.68202E+03	 2.70185E+04
 4.68538E+03	 2.61169E+04
 4.68875E+03	 2.59662E+04
 4.69212E+03	 2.51469E+04
 4.69550E+03	 2.50601E+04
 4.69887E+03	 2.58621E+04
 4.70225E+03	 2.68567E+04
 4.70563E+03	 2.70124E+04
 4.70902E+03	 2.72785E+04
 4.71241E+03	 2.66701E+04
 4.71580E+03	 2.58372E+04
 4.71920E+03	 2.54986E+04
 4.72260E+03	 2.55378E+04
 4.72601E+03	 2.65414E+04
 4.72941E+03	 2.77106E+04
 4.73282E+03	 2.83790E+04
 4.73623E+03	 2.87281E+04
 4.73965E+03	 2.88679E+04
 4.74307E+03	 2.82862E+04
 4.74649E+03	 2.68490E+04
 4.74992E+03	 2.57657E+04
 4.75335E+03	 2.52970E+04
 4.75678E+03	 2.51561E+04
 4.76022E+03	 2.51822E+04
 4.76366E+03	 2.63683E+04
 4.76710E+03	 2.77292E+04
 4.77055E+03	 2.76239E+04
 4.77400E+03	 2.70916E+04
 4.77745E+03	 2.60996E+04
 4.78091E+03	 2.50053E+04
 4.78437E+03	 2.46193E+04
 4.78783E+03	 2.54625E+04
 4.79130E+03	 2.59459E+04
 4.79477E+03	 2.60001E+04
 4.79824E+03	 2.57222E+04
 4.80172E+03	 2.54013E+04
 4.80520E+03	 2.46762E+04
 4.80868E+03	 2.39894E+04
 4.81217E+03	 2.41027E+04
 4.81565E+03	 2.44076E+04
 4.81915E+03	 2.47582E+04
 4.82265E+03	 2.51746E+04
 4.82614E+03	 2.59906E+04
 4.82964E+03	 2.57074E+04
 4.83315E+03	 2.55695E+04
 4.83666E+03	 2.54718E+04
 4.84017E+03	 2.59079E+04
 4.84369E+03	 2.60697E+04
 4.84721E+03	 2.62479E+04
 4.85073E+03	 2.56757E+04
 4.85426E+03	 2.57332E+04
 4.85779E+03	 2.52939E+04
 4.86132E+03	 2.52381E+04
 4.86486E+03	 2.50043E+04
 4.86840E+03	 2.51537E+04
 4.87194E+03	 2.54657E+04
 4.87549E+03	 2.61626E+04
 4.87904E+03	 2.71785E+04
 4.88259E+03	 2.72864E+04
 4.88615E+03	 2.75015E+04
 4.88970E+03	 2.70920E+04
 4.89326E+03	 2.58373E+04
 4.89683E+03	 2.43028E+04
 4.90040E+03	 2.41733E+04
 4.90397E+03	 2.43486E+04
 4.90755E+03	 2.51873E+04
 4.91112E+03	 2.56831E+04
 4.91471E+03	 2.60691E+04
 4.91829E+03	 2.51619E+04
 4.92189E+03	 2.42385E+04
 4.92547E+03	 2.35882E+04
 4.92907E+03	 2.29489E+04
 4.93267E+03	 2.27252E+04
 4.93627E+03	 2.30325E+04
 4.93988E+03	 2.39679E+04
 4.94348E+03	 2.51901E+04
 4.94710E+03	 2.59255E+04
 4.95072E+03	 2.58962E+04
 4.95433E+03	 2.63295E+04
 4.95795E+03	 2.62411E+04
 4.96158E+03	 2.60853E+04
 4.96521E+03	 2.59961E+04
 4.96884E+03	 2.60424E+04
 4.97248E+03	 2.64218E+04
 4.97612E+03	 2.75216E+04
 4.97976E+03	 2.80433E+04
 4.98340E+03	 2.81114E+04
 4.98705E+03	 2.77678E+04
 4.99070E+03	 2.78421E+04
 4.99436E+03	 2.71822E+04
 4.99802E+03	 2.75993E+04
 5.00168E+03	 2.81302E+04
 5.00535E+03	 2.82726E+04
 5.00901E+03	 2.72474E+04
 5.01269E+03	 2.64661E+04
 5.01637E+03	 2.54585E+04
 5.02004E+03	 2.47712E+04
 5.02372E+03	 2.39410E+04
 5.02741E+03	 2.33995E+04
 5.03110E+03	 2.23489E+04
 5.03479E+03	 2.12336E+04
 5.03848E+03	 2.07578E+04
 5.04218E+03	 2.11023E+04
 5.04588E+03	 2.17358E+04
 5.04958E+03	 2.21590E+04
 5.05329E+03	 2.22392E+04
 5.05701E+03	 2.21516E+04
 5.06072E+03	 2.22418E+04
 5.06444E+03	 2.30002E+04
 5.06816E+03	 2.31926E+04
 5.07189E+03	 2.32891E+04
 5.07561E+03	 2.33064E+04
 5.07934E+03	 2.32043E+04
 5.08308E+03	 2.36590E+04
 5.08682E+03	 2.37490E+04
 5.09056E+03	 2.45441E+04
 5.09430E+03	 2.48527E+04
 5.09805E+03	 2.46451E+04
 5.10181E+03	 2.39186E+04
 5.10555E+03	 2.35362E+04
 5.10932E+03	 2.29367E+04
 5.11307E+03	 2.32846E+04
 5.11684E+03	 2.34676E+04
 5.12062E+03	 2.28405E+04
 5.12438E+03	 2.21258E+04
 5.12815E+03	 2.19115E+04
 5.13193E+03	 2.15608E+04
 5.13571E+03	 2.15695E+04
 5.13950E+03	 2.18133E+04
 5.14329E+03	 2.15428E+04
 5.14708E+03	 2.09231E+04
 5.15088E+03	 2.02945E+04
 5.15467E+03	 2.01113E+04
 5.15848E+03	 1.98681E+04
 5.16228E+03	 2.01008E+04
 5.16609E+03	 2.10166E+04
 5.16990E+03	 2.17707E+04
 5.17371E+03	 2.18837E+04
 5.17753E+03	 2.15497E+04
 5.18135E+03	 2.19143E+04
 5.18517E+03	 2.20879E+04
 5.18900E+03	 2.28147E+04
 5.19284E+03	 2.34024E+04
 5.19667E+03	 2.44834E+04
 5.20050E+03	 2.45782E+04
 5.20434E+03	 2.45222E+04
 5.20820E+03	 2.50581E+04
 5.21204E+03	 2.55242E+04
 5.21588E+03	 2.51879E+04
 5.21975E+03	 2.48950E+04
 5.22361E+03	 2.56563E+04
 5.22746E+03	 2.58041E+04
 5.23133E+03	 2.63524E+04
 5.23519E+03	 2.52531E+04
 5.23906E+03	 2.38951E+04
 5.24294E+03	 2.25805E+04
 5.24681E+03	 2.25586E+04
 5.25070E+03	 2.23966E+04
 5.25458E+03	 2.21102E+04
 5.25847E+03	 2.19578E+04
 5.26235E+03	 2.18343E+04
 5.26625E+03	 2.18924E+04
 5.27016E+03	 2.25600E+04
 5.27405E+03	 2.32444E+04
 5.27794E+03	 2.31700E+04
 5.28185E+03	 2.24361E+04
 5.28577E+03	 2.26008E+04
 5.28968E+03	 2.22247E+04
 5.29360E+03	 2.21062E+04
 5.29753E+03	 2.18567E+04
 5.30145E+03	 2.18172E+04
 5.30538E+03	 2.13324E+04
 5.30930E+03	 2.06987E+04
 5.31324E+03	 2.05656E+04
 5.31717E+03	 2.07559E+04
 5.32111E+03	 2.14088E+04
 5.32506E+03	 2.18859E+04
 5.32900E+03	 2.24090E+04
 5.33296E+03	 2.31481E+04
 5.33691E+03	 2.35137E+04
 5.34086E+03	 2.36275E+04
 5.34482E+03	 2.40017E+04
 5.34879E+03	 2.47284E+04
 5.35275E+03	 2.49055E+04
 5.35673E+03	 2.45186E+04
 5.36070E+03	 2.41086E+04
 5.36468E+03	 2.30825E+04
 5.36866E+03	 2.20203E+04
 5.37264E+03	 2.10831E+04
 5.37662E+03	 2.08267E+04
 5.38062E+03	 2.11255E+04
 5.38461E+03	 2.14272E+04
 5.38860E+03	 2.18060E+04
 5.39262E+03	 2.27509E+04
 5.39661E+03	 2.30877E+04
 5.40061E+03	 2.29777E+04
 5.40462E+03	 2.25673E+04
 5.40865E+03	 2.23026E+04
 5.41266E+03	 2.19823E+04
 5.41668E+03	 2.21122E+04
 5.42070E+03	 2.19473E+04
 5.42473E+03	 2.15498E+04
 5.42876E+03	 2.03804E+04
 5.43279E+03	 1.98913E+04
 5.43682E+03	 1.98963E+04
 5.44087E+03	 1.98242E+04
 5.44491E+03	 1.94646E+04
 5.44895E+03	 1.94657E+04
 5.45300E+03	 1.95733E+04
 5.45705E+03	 1.95694E+04
 5.46112E+03	 1.98136E+04
 5.46517E+03	 2.08269E+04
 5.46923E+03	 2.20972E+04
 5.47330E+03	 2.30225E+04
 5.47737E+03	 2.29194E+04
 5.48145E+03	 2.25133E+04
 5.48552E+03	 2.16389E+04
 5.48960E+03	 2.08248E+04
 5.49369E+03	 2.07747E+04
 5.49777E+03	 2.07291E+04
 5.50186E+03	 2.06423E+04
 5.50595E+03	 2.10365E+04
 5.51004E+03	 2.18281E+04
 5.51414E+03	 2.15852E+04
 5.51825E+03	 2.10082E+04
 5.52236E+03	 2.03892E+04
 5.52647E+03	 1.97005E+04
 5.53059E+03	 1.90684E+04
 5.53469E+03	 1.93762E+04
 5.53881E+03	 1.94841E+04
 5.54295E+03	 1.92228E+04
 5.54705E+03	 1.90262E+04
 5.55120E+03	 1.86458E+04
 5.55532E+03	 1.82508E+04
 5.55946E+03	 1.81585E+04
 5.56360E+03	 1.81763E+04
 5.56774E+03	 1.84573E+04
 5.57188E+03	 1.83259E+04
 5.57604E+03	 1.83395E+04
 5.58019E+03	 1.88361E+04
 5.58434E+03	 1.94526E+04
 5.58849E+03	 1.95391E+04
 5.59267E+03	 1.96095E+04
 5.59683E+03	 1.92923E+04
